10000
7 51
10 35
11 55
6 36
1 18
7 40
8 57
4 54
3 54
3 24
1 57
9 33
8 2
9 29
6 31
5 10
1 59
6 43
9 53
10 17
5 42
5 2
6 9
1 53
12 44
4 41
3 45
1 22
9 45
2 38
3 30
1 21
5 11
12 43
8 51
3 59
7 7
10 41
2 54
12 42
12 41
12 4
4 44
3 1
6 26
3 37
3 56
4 16
11 49
4 34
11 3
4 1
8 50
9 5
8 50
1 28
8 0
9 21
10 18
12 31
4 39
6 55
6 46
2 54
6 50
2 29
10 36
1 52
8 19
4 30
2 40
10 43
11 17
5 55
7 43
11 35
7 28
9 55
5 12
4 47
11 1
1 24
6 46
7 26
7 57
1 23
9 27
5 35
7 21
5 40
2 50
9 10
10 48
9 39
6 58
9 20
2 47
11 23
5 33
6 1
4 8
5 6
10 9
2 37
10 28
9 30
3 57
9 58
2 32
11 1
7 29
6 43
6 39
7 53
9 1
4 33
4 37
4 41
8 13
4 36
8 13
1 10
6 11
11 33
3 8
5 22
11 31
6 31
12 58
12 16
9 46
7 36
2 12
10 40
3 11
11 40
7 56
5 31
3 20
4 10
12 19
8 13
2 53
2 33
3 7
11 6
9 20
7 8
7 8
7 49
7 31
12 10
4 3
1 43
3 52
7 38
2 49
12 36
4 40
4 59
5 16
1 3
1 23
3 56
7 30
7 38
12 5
6 36
6 43
9 20
5 23
1 51
9 47
12 49
5 6
11 19
11 13
8 45
1 59
3 32
9 37
2 21
11 53
9 52
11 26
12 39
12 41
1 11
8 52
6 25
6 9
4 20
4 35
9 30
9 0
12 17
6 22
12 12
2 31
10 26
8 8
12 8
10 22
3 14
4 41
9 40
2 59
10 39
6 2
12 16
2 14
9 2
10 12
12 43
7 47
1 8
9 0
7 30
6 11
12 54
8 10
8 2
4 10
2 18
6 33
1 9
7 41
2 19
1 24
12 40
1 57
12 8
1 23
11 43
1 10
7 5
9 50
1 30
6 28
6 0
11 8
3 5
3 29
8 45
10 53
2 25
8 57
2 57
5 37
10 17
9 32
1 54
3 10
6 9
4 19
5 5
11 20
4 6
1 18
3 6
1 44
7 35
12 31
4 40
4 56
9 57
4 25
9 54
2 33
12 55
4 41
12 18
7 53
3 6
10 25
9 17
8 0
7 6
1 35
4 36
11 15
4 54
5 5
11 19
1 15
3 12
3 4
2 10
6 34
11 54
3 12
12 3
1 50
7 46
12 41
2 33
2 16
7 46
12 13
12 3
5 37
7 36
6 59
12 53
10 44
6 14
1 4
8 25
12 10
1 30
4 41
4 11
1 55
10 19
1 47
7 30
5 59
12 50
12 57
9 51
4 6
6 2
6 41
12 56
3 55
9 11
8 15
4 51
3 13
9 54
12 28
1 14
3 4
10 19
12 4
9 53
11 21
4 45
8 16
4 20
8 5
5 37
2 28
2 27
8 58
7 51
1 53
5 33
4 25
9 47
4 47
5 30
4 16
12 24
6 35
5 19
3 5
8 36
9 2
9 34
10 57
2 46
1 56
3 22
7 30
9 46
12 13
8 18
3 32
6 39
8 24
10 11
10 19
6 36
10 50
1 57
11 38
8 30
10 6
12 9
6 17
5 55
6 12
7 14
8 52
6 58
2 53
4 23
3 46
2 16
11 44
3 34
4 11
11 28
6 56
8 31
2 21
3 7
8 11
5 57
6 13
12 37
9 56
2 31
6 43
10 41
10 17
10 36
8 37
5 36
12 0
1 27
6 56
1 42
12 2
6 23
1 31
4 59
3 19
8 28
12 25
4 7
2 43
3 39
12 14
11 14
1 36
1 21
7 6
4 16
4 37
3 4
7 29
5 45
2 20
7 9
1 12
5 34
2 28
9 4
4 30
9 21
11 15
8 26
5 16
1 21
11 24
7 1
10 55
5 15
5 17
10 42
9 10
9 37
1 58
5 45
3 8
7 23
7 24
5 49
8 46
10 8
5 39
3 13
3 14
10 29
12 24
2 59
3 8
12 2
12 3
5 45
6 17
1 38
2 41
8 30
7 19
12 18
7 18
2 24
5 14
2 38
3 31
2 1
12 41
10 51
12 5
4 33
5 4
7 51
3 0
6 5
6 27
11 23
3 29
9 47
5 2
11 3
3 20
6 3
8 11
3 12
6 26
3 55
3 54
5 17
2 51
2 23
11 31
3 15
7 8
10 57
3 14
10 20
6 38
11 1
10 38
7 7
12 4
12 30
9 51
10 38
11 29
4 55
12 47
11 21
1 31
4 14
10 27
3 57
6 1
8 16
3 35
2 18
4 1
7 34
7 45
8 44
2 30
9 29
5 42
9 11
7 26
8 50
11 45
10 46
2 4
2 2
2 41
11 19
9 40
3 23
8 51
9 56
11 53
5 29
12 21
12 7
8 37
4 2
6 15
11 46
6 45
4 26
4 13
8 19
11 0
4 26
5 15
7 38
7 4
10 24
11 23
11 21
1 49
12 5
10 46
6 46
10 15
2 33
5 3
7 33
7 39
11 2
6 21
12 29
9 2
3 25
10 25
3 43
8 28
11 19
4 45
3 2
6 10
1 49
9 54
2 12
3 56
7 44
6 54
1 2
1 15
9 56
3 14
5 27
3 7
5 45
11 9
9 34
3 26
1 49
3 2
7 11
1 38
8 34
10 6
6 57
7 43
10 50
4 51
3 27
8 50
3 13
1 41
10 1
7 51
4 9
4 8
11 23
4 55
7 54
6 56
11 26
7 50
6 42
5 51
2 53
5 46
12 42
8 30
8 29
12 1
8 5
11 40
6 40
8 30
3 56
9 37
12 45
9 36
11 32
8 39
6 57
1 49
12 37
12 36
5 32
1 24
1 30
5 37
4 41
5 51
5 6
12 8
9 17
6 57
3 44
11 26
7 49
4 52
12 36
6 30
7 55
6 32
6 15
2 12
5 44
7 46
8 30
10 38
10 4
12 5
2 55
6 9
1 39
11 44
8 53
2 40
3 29
11 57
11 9
1 44
9 23
2 11
9 23
9 50
6 8
9 12
3 56
2 16
3 20
4 19
2 7
4 27
9 20
5 35
5 54
12 22
3 7
11 42
7 25
6 0
7 45
12 18
6 47
3 30
3 52
1 19
8 51
11 43
1 10
2 38
11 32
4 45
9 8
9 15
10 41
4 42
3 41
9 7
8 53
1 55
11 35
1 58
10 11
4 31
7 36
12 10
5 54
8 46
5 45
3 30
3 46
9 26
11 46
9 23
1 53
3 24
9 52
8 58
7 30
6 11
7 37
2 23
12 57
2 32
9 0
12 3
9 32
10 28
4 34
2 14
11 27
10 13
3 8
2 5
7 8
7 44
12 43
12 49
8 0
2 8
11 11
9 42
8 47
10 57
8 22
10 17
4 27
10 45
2 43
11 41
7 18
8 38
4 20
10 1
7 7
10 53
4 51
3 39
1 40
7 8
8 1
4 26
4 18
2 1
7 37
3 21
6 27
8 44
10 5
5 21
3 50
12 32
8 3
3 46
12 42
6 58
8 10
3 6
9 23
7 20
12 38
3 4
5 47
9 15
5 50
11 46
4 2
8 1
11 33
7 51
8 58
6 3
8 28
6 29
10 34
12 3
2 25
2 28
7 2
8 50
6 23
6 0
9 34
8 23
5 47
1 35
5 18
5 6
3 16
10 28
4 36
10 25
12 43
12 32
12 33
12 6
2 23
4 16
10 18
10 50
2 38
4 24
11 48
12 47
3 50
12 9
1 44
9 3
4 36
5 7
9 11
10 6
3 40
7 52
4 34
6 7
2 34
4 43
3 43
10 51
7 21
9 41
9 34
4 56
5 28
9 43
1 32
2 19
2 28
7 30
6 51
6 42
8 46
1 40
9 52
4 54
2 11
3 17
7 18
5 33
2 46
4 43
9 17
3 8
3 35
2 40
5 12
4 50
6 20
4 0
4 21
2 3
6 22
4 27
7 49
5 29
5 23
11 59
8 33
11 58
5 35
5 16
8 9
4 32
6 26
12 21
4 36
11 54
9 59
7 17
6 50
11 25
12 51
12 27
10 4
11 9
10 2
9 48
11 43
4 39
6 45
4 36
1 13
5 53
4 54
4 9
7 21
1 21
1 18
1 55
12 50
2 19
5 45
5 42
3 57
9 31
8 52
2 50
8 38
9 57
3 38
4 45
2 23
4 44
6 56
1 43
5 12
2 51
5 40
9 32
3 35
2 6
9 49
1 1
1 29
10 1
10 56
9 0
8 30
3 14
8 36
8 23
6 25
11 23
12 7
1 56
4 45
5 26
1 22
9 39
7 33
6 34
5 44
9 57
5 48
3 28
7 47
7 27
2 53
3 35
8 21
1 20
9 36
11 15
8 4
3 22
2 11
9 23
8 58
11 26
7 9
8 34
3 37
4 35
5 13
8 37
7 56
1 14
10 51
8 54
10 27
9 20
7 9
9 58
3 46
3 54
4 51
5 7
8 14
5 7
12 12
10 54
11 10
2 21
8 46
3 30
3 2
5 31
5 21
8 3
5 39
1 56
8 28
7 7
5 33
5 55
10 22
3 32
5 31
6 1
2 26
1 20
2 15
10 5
8 18
2 19
8 42
1 22
2 36
10 40
8 27
8 19
8 43
5 31
9 21
7 53
9 22
9 39
1 56
12 9
1 29
1 13
2 59
3 47
6 17
5 31
8 53
2 55
9 28
12 2
7 38
12 3
4 2
9 12
11 2
3 38
3 37
7 6
1 14
4 51
5 33
5 15
4 8
11 31
10 4
2 30
7 47
5 34
3 18
2 7
3 41
3 58
7 54
4 10
7 15
7 49
6 51
6 49
10 55
3 3
10 43
9 6
4 24
11 46
3 23
11 39
6 4
9 52
12 20
1 24
9 37
4 19
6 15
11 44
8 0
11 36
5 30
1 7
4 33
8 11
8 0
6 32
1 36
12 48
2 28
2 8
11 1
3 52
4 58
1 29
11 21
2 56
12 43
3 20
5 22
10 45
8 37
12 23
6 13
3 5
2 29
3 11
1 35
12 24
4 27
12 39
3 59
3 48
6 33
3 38
9 14
12 52
5 7
8 16
10 51
4 57
4 43
7 17
11 23
3 47
7 54
11 32
8 57
8 57
3 29
9 17
10 10
2 19
11 20
3 10
5 30
2 39
6 19
11 9
9 4
1 21
8 43
11 44
2 38
1 57
8 33
4 43
9 6
12 13
5 35
1 30
10 9
10 43
7 43
7 28
10 19
12 54
12 47
8 44
5 57
8 17
12 39
9 27
7 1
2 11
3 25
2 19
11 49
2 9
8 45
2 17
4 36
6 50
6 25
1 55
8 23
2 26
8 46
12 7
6 45
8 14
6 36
9 38
3 10
8 21
7 9
5 21
10 39
10 49
2 21
11 50
5 32
4 26
11 47
4 31
11 12
7 18
5 2
2 22
1 56
2 11
7 5
7 35
3 48
12 47
9 44
1 49
11 44
5 27
6 28
10 16
1 3
10 31
12 18
11 24
11 35
2 43
9 19
5 20
8 58
1 17
6 1
9 39
9 54
5 47
12 48
5 38
10 46
8 5
4 53
10 51
11 34
3 1
8 22
7 55
10 58
3 53
10 48
5 37
8 39
12 12
1 3
2 24
1 24
7 24
5 49
12 4
3 58
1 37
1 51
1 25
3 44
4 28
4 37
1 50
9 59
6 1
6 50
5 47
5 26
11 36
5 53
4 42
1 3
9 39
3 45
6 5
8 32
11 2
4 13
6 46
6 22
8 21
6 24
10 2
4 57
6 58
7 9
3 42
2 1
5 43
2 0
7 48
5 21
7 16
7 11
4 59
4 3
4 22
10 49
4 34
4 2
1 16
4 6
1 44
2 31
7 49
11 48
11 18
10 36
11 20
12 19
7 38
11 48
12 15
9 17
8 50
7 0
5 55
10 19
5 35
5 2
6 42
5 14
11 38
10 38
4 19
4 18
6 54
3 31
11 11
3 5
5 51
3 57
1 28
4 16
8 43
3 30
2 44
5 24
7 24
7 0
7 14
2 27
6 24
7 29
5 40
5 28
12 40
5 47
5 9
11 50
10 29
7 31
7 52
2 41
11 57
4 49
5 23
2 30
2 55
1 29
10 29
2 30
5 46
1 56
1 0
10 51
6 45
7 49
5 7
4 18
10 33
12 11
4 31
5 47
11 49
4 41
11 26
6 32
3 4
11 56
9 15
6 49
9 14
10 19
5 55
8 45
12 19
8 23
6 43
7 55
5 22
3 55
10 3
7 5
11 3
3 45
6 51
2 32
6 33
7 30
9 53
1 5
11 8
9 29
6 45
10 25
7 39
8 56
5 31
2 53
9 22
5 1
6 57
6 46
11 45
3 6
7 38
4 22
5 27
5 1
8 23
12 49
11 39
1 40
7 36
5 12
9 54
8 49
11 16
7 21
10 31
11 55
10 12
12 29
7 49
9 19
1 23
5 15
10 39
3 43
8 25
7 55
6 7
2 49
12 19
12 8
3 38
1 12
2 17
1 16
8 5
5 10
3 51
4 20
7 59
6 0
12 54
1 37
4 0
1 41
1 52
10 0
3 27
2 30
3 15
12 34
1 16
1 31
12 6
1 47
12 22
2 48
11 15
2 42
5 5
7 36
6 17
8 59
2 53
6 17
6 16
8 16
2 25
5 6
3 3
5 33
5 20
3 51
9 32
2 59
3 35
6 36
12 8
2 31
4 25
5 45
5 38
6 4
10 49
9 26
12 16
11 40
8 38
9 41
7 49
10 31
2 14
11 51
5 28
9 24
8 2
2 6
6 23
5 45
6 3
8 41
7 16
7 22
7 36
12 25
8 50
9 6
4 57
2 50
7 16
8 20
7 13
3 23
12 57
1 39
6 44
4 29
12 46
10 30
3 37
3 0
8 0
4 28
7 13
7 4
9 34
8 49
12 17
11 57
11 30
7 38
1 48
7 7
7 36
4 1
11 26
12 30
11 9
6 58
11 21
2 58
11 21
8 26
9 19
9 36
3 41
11 47
12 30
3 19
5 53
12 6
4 2
9 23
9 58
7 27
2 14
11 49
5 57
5 28
3 11
7 24
8 49
11 5
11 18
10 8
9 17
2 33
10 26
8 35
11 59
4 55
5 7
2 15
3 50
1 5
1 8
3 24
11 52
1 21
9 5
9 52
7 20
2 26
8 37
11 25
11 8
9 19
3 5
6 40
10 12
7 59
5 14
10 38
10 45
9 29
3 3
8 9
7 38
1 13
11 44
3 54
7 50
12 1
6 51
1 18
8 15
12 49
8 58
4 20
11 8
6 31
4 51
3 36
1 19
3 19
7 14
8 50
10 27
11 20
11 30
9 31
11 50
2 16
1 24
5 31
9 36
12 7
6 53
6 48
1 23
10 12
7 44
6 17
8 48
2 29
6 9
12 28
10 39
9 59
1 11
9 30
12 39
8 31
2 50
5 59
4 14
5 34
8 50
9 55
5 38
8 14
10 33
12 17
5 5
4 42
4 4
4 55
4 4
1 45
3 22
3 11
8 56
9 7
9 15
5 23
9 7
9 21
4 2
2 21
12 56
7 1
2 2
2 24
2 43
7 8
3 0
2 49
7 37
12 50
4 23
2 2
9 25
2 49
7 55
2 6
12 37
11 37
6 50
7 58
12 4
3 44
11 53
9 41
8 25
10 31
7 43
3 56
7 30
2 19
9 24
8 54
7 38
11 33
4 39
2 53
8 19
5 22
3 20
11 14
7 28
1 59
2 11
10 32
9 28
10 5
4 46
8 46
3 24
11 41
6 54
5 36
5 0
7 5
6 50
1 6
1 10
8 24
10 50
9 28
6 25
12 54
8 1
2 6
11 51
4 1
2 58
6 28
3 47
11 45
9 7
11 43
4 59
4 49
7 56
10 46
6 51
7 2
6 52
9 49
11 51
6 22
9 40
10 9
6 52
5 14
3 17
10 22
2 19
11 47
9 42
3 35
1 12
5 42
2 36
7 57
3 52
3 59
2 43
9 39
7 27
12 5
9 51
8 2
10 11
9 8
3 32
9 23
4 58
6 21
4 12
2 28
7 59
10 25
2 0
8 34
12 41
4 13
11 27
6 13
11 9
5 19
2 9
4 53
5 12
6 55
3 16
8 3
4 6
12 14
5 7
1 29
11 32
6 31
9 53
11 9
12 34
11 8
5 26
12 39
2 5
10 12
11 34
3 41
9 22
7 48
10 27
8 54
11 13
1 41
6 34
9 11
10 39
3 15
9 38
9 3
2 35
10 17
10 55
8 36
1 48
6 18
6 20
11 39
11 12
6 37
2 54
11 59
10 22
11 33
2 42
7 6
9 9
4 37
6 54
3 6
10 6
6 53
1 3
9 0
6 17
8 10
7 36
12 37
5 36
12 17
12 41
1 19
11 59
11 40
4 40
4 0
12 17
6 36
2 4
10 51
5 13
3 37
3 0
2 48
9 6
12 24
10 48
9 56
9 16
4 31
3 12
11 34
9 18
11 7
6 6
5 22
5 58
8 20
7 3
7 57
4 2
2 24
1 10
1 47
5 18
5 1
4 20
8 59
6 15
12 58
5 10
8 18
3 37
6 53
2 53
5 4
5 6
7 27
12 52
3 49
9 24
2 14
7 20
7 8
4 42
1 49
2 31
9 11
2 35
10 52
5 29
10 5
4 44
10 41
12 38
1 2
4 18
2 46
7 21
8 30
2 5
7 53
2 22
1 25
2 46
3 43
4 48
7 7
6 34
7 24
9 51
12 41
10 36
5 6
9 11
6 26
3 10
5 45
12 6
12 39
11 20
9 40
6 37
4 12
1 34
11 26
2 31
12 8
11 54
7 57
9 41
11 7
6 0
4 50
6 48
6 11
9 23
1 10
12 17
5 14
3 38
6 14
8 27
9 5
3 36
1 3
6 47
5 48
12 10
7 3
1 11
3 7
8 25
10 14
6 47
10 1
7 37
10 36
3 43
3 37
7 14
3 13
1 2
5 4
10 42
10 32
8 36
3 44
9 16
1 34
7 44
10 31
9 6
1 33
2 22
10 40
1 28
8 6
6 30
4 28
1 55
6 49
1 22
6 45
7 22
5 20
12 4
7 27
1 11
11 16
7 41
2 21
3 58
12 42
8 6
8 16
3 44
6 22
5 38
4 20
9 53
7 31
5 1
8 4
11 59
7 41
3 59
2 53
12 20
4 33
4 59
6 55
10 3
3 56
8 31
8 59
1 23
10 48
9 30
12 7
3 58
1 33
1 40
8 52
4 46
3 20
2 4
10 31
5 27
8 38
5 54
4 23
3 3
6 2
9 9
12 3
6 35
10 18
11 50
2 2
11 5
5 6
1 34
3 46
4 4
2 37
5 43
10 39
5 56
3 5
1 18
1 14
7 0
9 42
5 30
10 35
10 3
11 7
6 8
7 41
4 26
11 59
11 21
4 9
12 20
3 13
12 10
9 14
2 4
7 29
1 23
10 22
11 53
4 52
5 15
5 15
3 17
10 50
12 0
4 11
1 18
3 23
7 33
1 28
3 35
7 9
9 31
7 20
4 23
5 51
9 18
8 46
11 16
12 34
8 18
3 30
3 30
1 2
6 34
9 44
10 5
9 40
5 38
9 33
4 54
9 35
7 2
6 36
7 53
7 49
2 12
9 10
6 28
12 22
8 38
5 50
7 58
2 17
2 37
12 1
3 56
1 21
3 38
1 2
6 19
3 17
12 12
10 51
6 24
1 36
6 12
9 13
11 14
5 33
8 23
12 39
5 18
4 35
8 23
10 32
3 58
11 5
11 42
10 8
11 53
7 50
11 32
4 23
4 1
3 50
3 17
1 1
6 57
2 59
7 17
9 2
7 26
3 1
10 21
1 14
5 5
7 30
1 36
8 46
8 27
3 2
10 43
11 9
7 35
12 28
7 26
2 31
11 40
4 38
7 58
6 21
9 27
4 36
5 1
11 22
2 48
9 41
2 32
1 0
11 34
1 43
6 5
9 52
8 50
1 19
3 12
7 41
6 55
6 2
10 2
7 33
2 4
2 41
7 28
5 1
9 16
1 38
1 4
6 17
1 37
2 20
5 8
10 41
12 1
2 34
10 49
10 29
5 47
5 56
4 0
9 30
11 43
9 36
11 24
1 38
9 1
4 58
2 1
1 35
7 41
11 35
2 58
1 15
5 6
7 45
6 28
3 49
12 5
9 49
10 48
2 42
10 6
11 7
2 28
2 21
7 11
5 2
2 2
5 23
12 51
7 9
12 51
9 55
5 4
3 26
3 20
4 39
4 44
1 22
12 53
6 16
12 28
9 18
1 48
12 13
12 55
5 30
8 14
8 0
12 51
6 18
9 38
5 55
1 20
9 0
1 38
1 11
3 50
7 51
11 33
7 57
7 30
6 46
11 36
12 59
11 41
3 1
10 39
3 35
2 20
8 58
5 46
11 56
6 34
1 49
10 33
5 18
4 1
5 49
12 53
5 54
4 28
8 19
3 1
4 14
8 17
8 37
11 51
12 33
11 52
6 9
12 43
12 25
8 18
3 13
9 19
11 27
5 39
4 45
7 56
10 42
6 4
8 1
4 33
12 15
5 20
3 18
10 35
11 46
9 46
3 4
7 56
6 59
1 21
12 2
4 7
2 29
8 47
5 48
8 41
3 58
8 47
2 56
11 2
9 24
5 58
6 37
9 36
9 25
9 12
7 30
11 7
12 52
2 51
2 36
10 27
8 49
9 19
11 55
4 56
8 25
10 20
2 45
8 48
2 55
7 43
6 54
7 20
4 51
4 1
8 28
3 6
1 18
10 9
8 24
1 0
2 15
10 26
6 18
8 23
11 19
12 26
12 21
1 53
6 1
3 39
10 44
7 27
4 31
5 22
8 18
2 34
9 19
4 14
7 38
1 54
10 2
5 37
2 27
5 34
1 36
5 7
8 45
5 1
11 49
4 32
12 5
2 28
7 56
12 6
11 16
2 24
1 44
9 16
6 56
2 40
7 26
4 7
3 18
2 33
4 11
1 52
2 2
5 31
9 20
7 20
2 41
4 46
9 36
4 43
11 5
1 18
11 48
3 17
6 39
9 14
4 43
11 3
2 20
5 10
11 41
3 10
3 28
6 24
6 56
6 26
10 5
6 53
4 9
6 32
6 48
4 29
11 23
11 19
3 19
12 6
1 4
10 31
10 13
1 45
8 14
7 17
1 40
4 9
3 7
5 11
6 2
9 41
1 40
3 2
1 15
10 46
7 29
3 58
12 4
9 37
11 35
4 48
4 59
8 17
5 28
1 24
2 52
12 15
2 14
1 58
8 45
5 48
12 0
10 53
8 2
9 26
7 18
12 47
2 13
6 2
4 1
12 2
3 54
6 26
6 1
11 37
1 44
11 4
2 12
11 43
11 14
6 57
8 45
6 22
11 22
1 55
5 2
4 36
8 1
11 47
8 48
11 18
12 16
8 43
12 58
2 27
3 52
8 48
6 26
8 17
7 30
2 20
4 34
8 48
6 24
11 50
2 20
12 8
12 49
10 32
1 38
3 59
11 16
6 39
8 22
1 4
8 2
1 43
9 59
8 49
12 3
1 33
11 49
10 37
5 20
3 56
10 40
7 10
1 39
5 49
4 25
6 43
11 49
1 37
8 51
12 39
3 54
2 51
10 3
2 20
4 44
3 43
4 32
5 8
9 12
5 59
8 55
1 35
6 47
3 1
8 39
8 2
5 58
9 10
12 37
10 56
8 14
4 16
9 53
5 29
7 39
1 0
1 39
12 38
12 41
7 28
3 35
1 1
5 46
11 15
2 28
8 39
1 8
7 3
6 24
3 1
4 49
2 1
11 46
5 45
6 57
4 9
4 22
1 18
8 46
8 53
10 49
3 48
4 16
11 33
7 13
7 55
4 57
12 29
11 4
2 52
3 30
7 18
10 17
6 20
8 26
12 44
1 45
2 39
1 46
2 38
12 48
1 41
9 35
2 53
3 53
6 56
11 21
4 55
2 8
3 55
1 39
2 41
7 35
8 24
6 12
1 1
9 16
10 50
6 43
1 21
3 32
9 39
11 4
10 45
5 43
8 19
6 52
2 0
7 53
2 15
1 40
12 3
9 2
12 18
12 42
5 16
9 19
8 3
11 57
2 51
9 6
5 0
7 10
10 0
7 1
1 8
2 57
2 11
10 58
1 34
9 11
9 46
4 16
1 42
9 27
11 14
3 32
7 58
1 7
4 38
10 17
6 54
12 47
12 50
10 32
12 8
5 47
2 12
8 4
6 57
8 55
10 34
3 58
8 22
11 25
1 17
7 9
8 55
7 35
5 23
11 20
5 49
6 28
7 6
8 10
6 5
9 51
3 2
5 4
10 54
2 47
4 54
12 23
6 15
4 24
7 31
3 29
9 33
11 36
2 39
1 48
9 5
10 42
10 22
12 10
8 3
12 58
6 56
3 53
6 44
10 30
7 33
3 36
6 40
1 18
8 51
4 56
11 4
2 40
6 40
2 56
10 53
8 57
11 40
10 40
12 59
2 49
4 46
7 5
2 2
10 46
8 23
7 47
4 56
10 30
12 29
10 1
8 56
7 36
10 30
3 0
2 36
7 42
12 37
4 44
7 20
10 29
4 3
11 41
8 39
1 55
3 15
11 6
10 37
12 7
12 5
3 1
9 31
9 36
4 51
3 20
7 44
4 22
5 6
12 9
12 7
4 51
12 14
11 39
1 42
8 51
9 25
6 26
10 48
1 28
3 40
11 46
9 15
4 33
2 37
2 16
3 23
6 10
3 29
8 15
12 24
5 27
12 39
4 36
4 19
6 0
6 59
7 18
6 42
11 47
9 51
1 59
9 58
3 13
4 53
3 12
2 16
10 23
2 47
9 55
7 13
4 42
5 4
11 36
4 39
12 31
11 13
1 35
2 58
12 3
2 21
8 20
5 56
12 19
3 20
12 59
3 56
4 29
4 48
6 52
9 7
11 57
3 6
2 11
6 34
4 24
9 58
3 16
12 9
10 20
6 34
7 12
12 33
10 38
6 47
6 29
7 19
5 41
11 43
3 58
9 54
8 1
11 3
8 0
8 16
5 5
4 34
9 25
7 0
9 27
3 0
1 44
8 17
9 8
8 24
6 39
8 2
7 37
10 37
3 31
11 55
12 22
9 0
9 11
2 2
1 22
1 8
12 57
11 39
8 1
1 12
9 23
5 5
9 0
3 0
4 23
11 4
3 32
8 7
8 54
7 49
11 23
10 34
12 52
8 59
5 12
11 31
1 38
2 45
7 30
9 47
6 6
7 21
3 18
2 4
11 2
9 47
6 28
3 39
3 45
4 11
8 54
2 26
3 31
10 53
8 0
1 54
11 33
10 48
7 16
2 18
8 10
8 22
2 19
3 2
10 51
9 9
6 21
10 40
1 8
1 5
9 5
11 10
10 47
6 28
12 14
2 10
8 11
12 16
4 27
7 36
1 39
9 27
11 35
10 22
12 3
4 21
9 49
2 27
2 46
3 20
5 37
4 3
11 38
10 51
3 49
7 8
8 13
7 48
9 36
2 56
8 13
5 37
4 21
3 56
12 0
7 50
2 4
12 18
5 4
4 45
4 19
6 19
10 0
7 55
11 18
12 1
12 29
6 53
3 0
6 17
12 38
8 25
8 23
3 34
5 16
4 48
2 31
1 12
5 38
9 22
2 59
6 42
6 57
6 46
6 58
2 36
6 52
12 44
7 51
5 24
1 56
1 38
5 0
8 52
3 25
9 32
4 11
4 34
5 55
4 54
11 59
4 30
10 5
9 25
1 31
2 56
8 33
7 21
2 27
10 39
10 26
7 21
12 0
4 54
12 56
3 50
12 4
8 5
4 55
10 11
8 43
9 25
5 55
2 39
4 35
4 31
8 1
4 20
11 28
8 25
1 8
12 2
9 24
1 5
4 56
11 26
12 59
7 43
6 26
6 3
4 20
2 7
11 9
11 19
8 10
8 56
2 30
4 10
5 19
8 25
2 5
1 14
12 24
7 23
9 34
8 1
1 38
11 21
1 36
12 17
8 46
10 10
4 8
4 35
4 14
5 54
1 10
2 18
12 53
10 1
3 14
10 32
4 34
12 22
11 8
11 42
2 49
4 0
8 36
10 51
3 51
7 24
7 14
12 4
12 2
8 4
8 51
10 34
8 55
8 17
5 22
8 34
6 34
2 53
8 51
4 47
1 25
7 1
10 18
1 19
6 28
5 36
4 53
3 58
1 21
1 2
7 33
7 29
1 53
10 6
5 17
5 15
2 17
8 12
12 42
7 27
11 53
4 6
3 11
9 8
4 25
9 14
4 39
5 31
2 18
10 26
3 37
6 8
11 25
8 7
7 50
10 16
5 28
2 6
5 15
5 8
12 33
12 53
2 34
8 36
10 34
10 14
1 25
9 12
4 19
5 42
12 18
8 54
11 34
10 7
6 11
9 6
5 47
3 34
8 23
2 40
12 4
3 26
5 11
7 9
3 46
3 50
11 49
6 33
10 49
5 38
2 40
7 14
8 39
6 30
5 38
6 27
4 0
9 57
2 43
1 25
6 7
3 15
4 20
5 14
9 4
7 50
4 6
9 40
4 19
1 32
11 18
4 25
11 3
4 43
7 47
6 50
9 24
9 12
3 43
7 15
5 59
3 16
10 20
1 32
2 9
7 9
12 29
1 6
8 4
7 37
10 14
6 18
3 56
9 57
8 46
10 5
4 34
10 3
10 28
6 10
5 12
1 36
9 33
11 43
4 39
3 27
1 31
1 55
4 15
10 19
7 9
1 12
5 58
8 44
9 4
4 18
6 45
2 54
6 31
4 6
10 48
4 36
9 39
7 47
9 54
5 22
3 55
1 36
2 34
12 27
7 24
4 28
12 51
3 31
3 54
6 32
2 28
9 37
2 57
9 0
1 8
1 25
6 13
4 6
11 22
3 27
9 10
8 44
3 54
12 22
12 32
7 53
9 18
11 29
4 27
5 25
9 41
11 13
2 3
7 20
12 11
1 36
9 25
10 38
8 6
1 55
1 43
10 2
10 22
9 1
7 31
9 13
4 21
11 53
8 1
3 51
2 4
5 47
3 28
5 30
2 40
1 51
10 24
12 37
6 37
4 44
3 42
8 26
10 21
12 50
9 42
7 24
5 5
12 48
1 48
9 17
10 23
5 46
7 27
7 59
8 6
8 23
4 48
10 43
12 8
8 59
3 27
11 49
7 43
6 2
6 5
10 37
11 39
4 59
11 19
5 1
9 1
1 13
2 17
7 8
1 2
8 13
11 28
3 35
10 48
6 9
6 58
8 19
1 56
7 18
4 38
4 9
3 30
2 3
4 24
3 12
10 52
7 23
1 37
7 11
2 18
5 14
4 36
12 36
1 43
6 0
8 50
6 41
5 6
7 28
4 19
3 13
10 53
3 34
9 34
8 11
6 57
7 33
2 12
8 14
6 11
4 1
8 40
2 11
12 28
10 37
4 12
6 26
5 9
1 6
2 2
4 41
10 7
3 5
2 3
10 42
1 48
10 20
5 56
4 37
7 8
9 18
1 59
11 59
8 40
12 54
6 14
1 47
7 10
2 27
1 24
5 9
5 39
8 58
1 25
1 13
3 34
5 58
8 22
8 40
2 59
5 2
3 54
6 35
4 29
4 6
7 22
9 5
6 39
9 42
9 16
11 29
10 51
5 5
3 27
5 53
8 25
4 11
3 42
7 55
10 45
4 55
4 40
6 48
5 20
2 9
1 58
12 27
3 30
2 40
11 20
4 18
9 2
8 57
8 1
8 37
4 24
7 37
4 11
4 44
9 46
3 50
4 44
11 1
7 52
8 39
12 14
2 55
9 27
10 39
4 44
2 24
10 56
8 29
3 11
12 31
11 18
3 26
4 29
8 22
5 51
6 29
10 8
8 20
9 47
6 17
5 7
3 44
5 13
4 38
5 27
5 59
6 59
11 1
4 55
7 29
10 49
9 42
4 25
5 17
12 22
11 16
12 2
1 24
1 9
11 21
10 49
7 22
11 9
3 49
7 0
12 20
5 41
1 8
12 44
5 54
3 20
2 4
1 57
11 18
4 26
1 14
5 3
2 3
12 28
2 5
7 30
11 58
6 28
9 44
1 54
4 8
5 50
11 32
8 15
9 13
12 7
5 0
12 30
10 41
12 41
1 51
6 37
5 15
2 53
6 52
2 43
2 41
11 35
1 17
9 25
11 41
1 57
4 15
5 21
11 2
12 47
4 59
9 3
9 47
4 8
4 20
12 18
3 6
3 15
5 2
7 59
9 49
10 58
5 12
10 38
2 1
10 31
2 58
5 26
11 38
4 9
2 47
4 41
8 35
4 15
2 4
4 5
12 31
7 36
1 39
5 51
5 14
6 43
4 48
12 7
7 35
11 53
9 58
12 46
12 44
7 29
2 26
2 38
10 14
8 30
4 27
11 53
10 12
3 17
10 52
11 2
1 16
5 46
5 25
5 46
11 18
3 44
7 21
3 16
1 14
3 21
2 32
4 40
12 45
5 21
11 47
10 23
5 24
1 23
5 54
7 53
9 27
5 13
1 45
9 5
8 11
1 20
10 0
8 40
7 20
1 49
12 36
8 1
12 31
7 25
10 48
6 38
10 29
11 2
1 5
9 41
11 21
12 55
5 16
3 12
3 41
2 7
4 35
11 25
12 13
11 58
12 33
10 42
2 54
4 41
7 25
8 22
6 16
7 46
10 30
1 13
9 56
8 54
9 42
2 27
3 10
2 37
10 37
10 21
2 43
9 13
3 42
8 6
6 56
11 58
10 2
5 7
11 53
4 26
5 10
12 31
4 43
12 22
5 1
4 31
8 21
1 3
12 19
6 3
1 57
3 22
9 3
9 6
11 0
2 32
12 18
7 37
7 18
4 58
12 25
2 4
10 38
5 5
7 6
6 31
9 12
8 38
2 42
11 10
8 17
8 7
7 3
5 16
5 56
2 31
5 28
2 31
7 44
12 26
3 48
3 10
9 31
1 6
6 15
1 30
6 48
5 7
10 24
11 1
8 13
6 40
2 51
2 30
3 41
6 54
10 3
11 18
5 35
6 7
9 48
9 27
9 21
6 12
9 23
5 0
2 5
5 30
11 33
11 23
10 11
12 2
1 15
5 45
5 16
8 56
6 16
4 33
9 40
5 7
7 12
11 45
5 48
7 39
1 26
10 38
5 37
9 25
7 7
12 8
5 18
2 54
6 33
10 0
3 45
2 31
5 28
1 31
7 3
11 10
8 19
1 37
6 2
9 3
2 20
1 7
2 54
8 43
1 59
11 47
6 8
7 33
6 38
11 40
7 44
5 31
8 52
5 26
7 56
1 36
3 33
1 54
7 10
7 57
2 19
3 47
5 46
10 19
11 19
9 46
6 32
6 46
12 12
1 6
3 34
1 57
9 35
2 4
7 7
3 55
2 21
10 40
10 25
11 47
12 35
11 46
2 12
9 24
9 52
11 53
10 28
12 17
5 5
1 18
4 6
10 30
5 32
8 46
9 22
5 44
4 9
4 31
1 58
6 48
6 44
10 3
8 21
2 44
3 40
6 16
1 41
11 1
6 4
12 25
8 49
4 27
12 2
6 6
5 16
6 7
8 22
9 39
10 43
11 43
7 35
9 58
7 18
11 8
10 14
8 8
8 31
5 2
12 49
3 48
4 4
12 31
7 57
6 7
6 33
8 29
12 43
10 36
12 7
8 3
1 46
2 40
6 58
11 43
12 50
8 31
9 24
5 50
2 35
11 29
10 47
9 34
2 59
1 29
6 46
5 42
2 43
8 25
5 44
3 38
11 11
10 19
12 10
4 36
7 4
10 29
5 33
5 10
3 44
5 6
3 29
11 58
10 46
8 19
5 47
8 41
5 49
11 22
2 52
10 27
7 33
1 1
11 15
12 14
9 2
12 35
9 42
9 6
1 50
11 17
6 56
7 26
8 19
8 14
9 44
1 5
5 46
9 51
4 37
7 13
9 16
12 56
11 51
8 27
2 12
1 40
12 56
2 28
2 42
5 32
7 48
4 45
11 42
6 24
4 23
1 31
10 58
7 8
2 58
3 0
2 15
6 48
3 29
12 56
3 53
1 0
3 23
9 11
2 41
12 12
8 33
6 33
5 57
11 40
12 2
11 57
8 40
2 9
12 5
6 28
1 33
6 46
9 44
4 32
1 56
3 19
6 19
3 46
2 49
9 48
11 30
2 10
10 2
5 3
5 55
6 10
2 57
11 49
9 25
1 15
9 11
6 25
12 37
7 14
4 5
1 56
5 40
11 35
9 34
2 37
12 46
4 29
6 51
7 42
3 33
1 28
10 17
7 57
1 19
7 9
4 18
3 8
8 31
3 17
12 48
7 24
12 8
3 6
7 39
12 13
11 43
7 24
3 11
9 16
9 41
6 0
1 11
7 19
7 27
12 23
1 39
7 36
1 56
11 0
3 22
4 18
2 33
12 25
1 16
3 42
8 51
8 22
1 33
9 6
2 28
6 38
9 3
5 53
4 9
9 35
2 52
8 17
7 14
3 41
12 29
7 2
3 2
10 47
2 19
9 29
6 29
12 0
7 21
10 30
11 21
12 19
2 12
5 17
6 18
1 56
3 29
3 58
12 48
4 16
4 26
6 12
1 36
6 51
5 9
10 1
4 23
8 21
5 6
1 31
7 33
5 40
3 37
8 52
9 18
4 27
1 5
6 38
9 44
9 51
4 26
2 28
10 19
2 16
11 43
9 47
10 35
3 3
12 12
2 57
9 45
12 59
7 13
11 41
4 1
4 38
7 12
8 40
9 44
9 52
9 11
8 20
7 12
8 40
5 55
1 52
8 11
4 1
2 49
11 51
4 11
11 42
12 53
1 24
1 16
2 26
7 13
8 36
7 48
7 28
7 5
9 51
10 57
11 51
11 54
8 29
12 22
11 34
4 34
4 10
2 42
8 36
9 58
8 49
12 47
1 13
9 3
10 16
7 52
9 4
6 0
7 14
1 26
11 58
2 29
3 40
12 50
8 32
10 17
4 20
12 37
5 42
1 25
11 48
4 38
3 8
3 34
4 16
1 3
8 15
7 10
9 55
4 28
9 26
11 7
11 37
2 54
7 8
9 42
2 7
7 33
4 15
9 24
3 17
2 45
1 36
3 48
1 2
9 20
11 44
11 43
3 11
10 6
8 24
1 46
2 37
6 39
12 30
9 11
12 14
10 57
7 45
5 12
9 43
7 10
3 12
8 6
10 48
1 45
7 19
6 58
2 37
4 22
4 44
10 59
11 22
11 41
9 11
6 38
7 44
2 14
12 26
11 35
5 38
9 15
9 44
8 26
7 28
9 44
12 21
5 39
3 59
12 6
11 53
10 32
5 42
10 8
6 16
3 39
12 50
4 1
5 48
3 49
2 22
2 47
3 34
6 48
10 35
6 52
2 23
12 29
9 1
7 52
10 0
10 57
3 40
8 49
7 29
6 4
5 39
5 1
1 54
9 29
10 15
3 27
1 21
2 19
12 41
2 30
4 49
9 22
10 7
7 20
4 21
6 46
5 47
4 8
2 1
1 26
1 19
12 20
8 52
1 10
10 1
5 39
7 31
7 34
1 56
8 10
3 48
2 16
2 5
1 7
11 3
3 37
1 7
6 41
12 50
4 51
3 47
6 13
3 35
5 12
4 51
4 20
1 28
7 41
4 54
6 9
4 29
6 59
11 50
4 31
1 38
12 10
11 37
12 9
8 40
7 36
6 32
1 4
1 35
9 18
2 46
2 44
11 10
11 59
4 37
10 51
5 53
8 6
1 7
7 15
7 46
5 11
1 43
5 0
12 24
12 34
10 57
6 15
3 59
2 31
2 0
4 47
7 53
6 35
7 35
12 24
8 1
6 37
12 27
2 42
5 52
11 6
7 6
8 2
9 38
6 51
9 35
10 5
4 57
11 22
7 47
9 38
6 26
11 17
6 57
6 28
4 25
11 25
12 46
5 57
3 41
9 0
3 38
1 3
2 57
7 43
11 24
4 46
5 8
11 16
12 41
4 20
10 5
7 0
7 37
2 32
5 19
8 5
7 56
7 31
9 2
9 13
5 30
7 41
5 59
11 17
6 55
8 48
10 55
8 15
10 35
10 26
1 33
2 35
1 38
2 23
3 3
10 29
3 17
8 25
3 8
7 13
5 50
7 2
8 24
10 25
6 20
1 13
6 5
1 18
8 44
5 13
7 56
6 22
3 4
6 4
11 30
6 47
7 16
11 56
9 35
12 30
3 7
11 4
5 1
5 9
6 6
12 19
6 1
8 1
2 29
6 28
8 41
9 52
8 27
2 56
4 40
3 35
9 25
4 15
12 8
4 8
9 11
11 51
6 39
5 21
8 46
2 11
2 13
8 15
2 20
7 44
2 35
3 16
8 46
1 14
11 27
8 12
2 12
11 56
3 13
4 39
9 51
11 19
2 3
10 37
12 42
6 7
10 1
7 40
4 2
8 26
9 13
1 57
2 26
6 13
7 7
7 26
4 54
10 34
3 10
4 37
6 35
11 24
1 21
9 43
9 36
11 57
6 46
5 58
3 54
10 44
5 30
12 51
11 13
10 22
1 38
6 4
3 13
6 21
2 23
6 43
10 54
5 4
11 58
6 36
6 19
2 24
10 1
7 50
9 58
7 33
9 40
3 41
1 33
3 37
1 19
1 13
9 26
2 39
7 18
4 10
7 15
6 37
8 56
5 50
1 51
1 6
2 6
4 13
2 31
11 12
3 18
8 20
4 41
10 26
10 17
1 17
9 19
6 7
7 55
6 59
9 28
5 24
9 18
1 24
11 50
1 34
7 11
7 1
9 58
10 17
5 47
7 24
10 15
10 41
2 23
6 58
3 47
1 49
1 12
9 37
12 59
9 30
9 6
8 23
2 11
8 53
3 49
2 20
9 23
11 53
5 59
4 55
12 54
3 20
2 26
5 41
6 59
11 42
10 8
5 23
12 46
6 48
5 38
7 4
5 43
7 46
9 51
4 25
4 2
1 21
1 58
8 19
6 39
7 49
6 52
10 48
7 28
11 43
10 14
2 41
12 22
12 8
5 43
4 41
7 55
1 12
6 20
8 7
3 30
1 7
12 26
8 44
7 8
3 39
3 5
3 30
8 25
1 55
1 40
6 6
5 13
6 44
3 54
3 38
4 7
10 16
4 15
7 23
8 40
6 14
3 28
5 24
2 40
6 55
6 33
7 44
10 47
5 39
7 50
1 12
9 17
4 40
10 41
11 10
2 42
1 21
2 6
1 59
2 50
11 36
7 47
6 57
6 54
8 48
7 39
11 28
5 25
5 35
7 34
11 16
1 55
2 1
9 51
11 42
1 41
1 22
9 0
4 18
1 34
5 31
9 49
5 15
10 51
8 17
3 6
12 46
8 59
7 20
11 23
2 21
8 3
6 57
7 50
1 22
2 43
2 20
4 9
7 32
6 14
9 19
9 35
6 20
1 42
2 4
8 23
11 13
6 5
8 49
6 45
8 26
3 24
1 55
9 30
8 56
3 55
1 51
1 59
12 45
10 35
5 27
1 2
1 58
10 3
2 47
1 55
7 17
10 35
1 20
3 12
5 22
3 23
6 2
3 25
7 38
12 19
12 3
10 52
9 35
8 4
8 29
8 58
7 9
4 50
11 55
11 39
9 43
7 8
6 8
12 10
2 18
12 26
9 10
9 58
11 56
3 37
6 16
8 37
7 50
1 50
9 45
8 56
1 27
3 18
11 9
4 8
3 49
12 8
9 18
12 7
7 27
5 14
12 52
12 48
1 37
10 14
12 36
6 38
5 25
3 31
3 2
2 17
7 5
5 37
9 50
11 27
4 29
4 55
7 30
8 8
5 1
1 44
1 9
2 46
5 57
11 53
1 57
10 32
1 19
11 48
4 37
5 38
7 13
6 16
9 0
5 16
1 39
2 18
7 8
7 34
4 16
7 49
10 31
1 58
3 14
2 38
1 49
2 57
7 12
5 56
4 27
11 12
11 39
11 5
2 33
2 8
7 50
6 3
12 21
2 10
2 11
10 39
3 29
3 51
5 33
10 57
3 48
4 44
3 16
3 45
10 45
10 7
5 54
10 58
1 21
9 44
5 13
10 23
3 21
11 9
5 29
1 9
6 29
7 53
3 54
2 49
3 2
3 12
3 24
5 0
7 40
11 44
9 10
8 57
10 1
3 41
10 31
2 48
10 0
5 42
12 51
11 55
6 29
10 41
9 17
9 47
4 7
7 35
10 54
10 10
9 0
10 37
1 29
9 20
9 35
12 3
1 44
4 21
5 43
2 20
6 57
8 28
7 28
2 24
4 6
6 26
10 52
12 0
6 19
1 31
1 48
12 21
4 27
11 32
10 26
12 13
7 15
3 15
8 1
7 7
10 29
6 53
3 20
6 19
4 14
4 2
4 29
11 15
6 36
5 7
8 11
3 18
8 24
6 23
12 29
11 49
5 32
3 15
11 28
3 24
1 58
5 9
4 0
4 33
11 6
2 48
7 51
11 53
8 3
5 33
9 35
1 24
4 31
9 51
6 8
4 53
2 14
11 20
8 11
8 39
10 2
2 45
3 28
9 25
4 21
4 17
5 5
1 42
8 45
8 46
5 52
8 9
2 10
4 46
1 52
9 18
4 35
9 51
9 16
8 7
12 37
3 43
3 53
12 27
9 50
12 16
10 56
4 29
11 31
2 17
1 58
11 53
9 22
7 58
7 13
9 37
7 4
2 35
6 13
1 13
10 43
9 17
7 56
2 24
9 9
10 15
2 44
4 48
12 27
12 25
3 53
11 49
10 17
1 44
5 0
12 58
4 44
11 56
2 44
1 34
2 15
12 32
10 36
11 36
2 56
8 2
12 31
10 26
5 41
11 44
9 14
6 50
3 8
9 51
1 4
2 19
4 18
8 26
3 33
9 4
2 20
6 7
2 10
7 25
3 48
2 4
7 10
7 11
6 40
1 12
11 49
3 28
7 25
10 19
4 11
4 48
9 49
8 13
5 28
10 9
5 49
12 59
12 2
1 59
6 47
9 15
5 25
8 16
8 8
10 49
5 37
12 36
7 19
12 0
5 44
1 38
11 56
2 44
3 41
10 9
7 26
11 54
1 29
4 15
7 25
12 37
11 17
8 13
12 35
12 3
7 29
10 40
4 14
12 30
11 43
2 45
8 52
1 39
5 1
11 30
4 18
11 18
4 30
8 58
11 53
6 31
9 49
9 48
5 19
10 18
11 44
8 0
2 10
12 0
11 46
10 32
2 15
5 7
2 36
9 7
9 52
7 56
5 51
1 29
2 50
12 52
12 44
8 29
5 15
4 31
9 46
8 5
10 37
8 47
11 35
10 5
9 9
11 54
6 47
10 39
2 0
2 52
7 51
3 12
4 0
9 56
2 42
5 57
8 23
9 35
5 23
3 55
12 31
2 49
8 57
5 19
6 56
4 41
5 57
8 13
4 17
7 17
6 55
6 29
7 54
1 39
7 52
5 25
10 30
8 24
3 9
5 51
10 26
10 12
8 34
12 37
9 41
6 0
10 19
7 36
4 9
2 38
2 2
3 27
10 0
9 25
8 59
6 33
5 56
11 45
6 26
6 47
2 44
10 30
12 51
6 46
2 53
1 26
4 9
10 58
1 42
12 9
5 50
5 49
4 3
5 32
10 33
10 35
12 51
2 51
6 36
6 47
3 50
2 29
3 33
5 25
11 31
11 55
4 36
10 29
10 54
2 45
12 31
1 38
6 22
8 59
11 48
4 24
5 27
9 48
9 58
1 48
8 28
8 2
4 8
3 59
8 14
4 39
5 8
10 47
10 48
10 45
7 57
10 56
4 1
10 15
4 13
5 15
11 32
9 41
1 15
3 35
6 30
1 55
7 24
2 10
5 53
2 42
10 46
11 59
1 35
8 21
3 44
9 39
12 57
4 37
3 55
11 15
12 8
10 5
12 24
8 27
2 30
6 54
12 6
8 14
8 17
5 0
6 28
2 31
1 47
2 38
3 1
5 21
5 8
3 1
2 42
12 59
7 19
7 13
9 31
8 52
12 36
11 34
10 57
3 43
4 19
7 12
11 53
4 24
6 35
4 42
7 55
11 17
5 27
1 19
2 11
12 29
3 24
12 43
9 16
4 52
1 48
11 26
9 3
1 56
2 36
9 54
10 47
1 37
7 3
4 43
6 44
7 33
2 24
6 21
1 7
6 1
2 15
6 37
8 43
11 50
10 16
2 3
12 47
12 32
7 26
4 22
9 33
5 37
8 45
10 51
9 55
9 2
9 44
4 21
4 50
7 9
10 31
2 13
11 37
6 21
2 13
5 24
7 10
7 4
7 26
12 56
1 5
7 56
2 22
1 22
5 50
8 45
9 20
3 22
5 15
3 48
11 55
10 1
12 42
12 3
4 52
12 13
5 55
11 45
11 29
12 0
3 24
2 10
4 16
11 28
4 19
2 9
12 53
1 48
8 11
5 52
2 35
6 57
1 27
6 59
2 23
3 22
2 16
2 53
11 38
4 17
6 6
3 49
6 2
12 58
4 44
9 37
10 1
6 46
10 7
6 42
11 49
4 21
7 23
3 41
10 22
12 6
6 49
7 15
4 43
9 23
7 9
8 53
12 25
12 30
10 45
3 20
3 25
5 57
5 59
10 30
4 14
12 6
12 46
9 19
3 44
10 47
8 10
11 57
11 1
12 18
3 55
11 51
6 39
4 34
8 30
10 33
1 27
8 28
5 3
1 45
7 12
12 58
1 39
9 35
12 21
1 2
12 19
5 58
8 34
2 47
4 30
7 37
7 52
8 43
11 55
12 2
12 7
3 19
6 48
7 17
11 18
1 18
9 43
6 58
12 11
3 41
9 25
2 26
12 50
8 56
8 29
1 25
1 6
11 23
5 57
12 58
11 0
2 46
10 17
8 9
3 25
11 0
3 9
7 36
4 20
4 35
11 39
5 35
2 49
4 42
3 42
4 31
5 54
1 5
11 24
7 1
1 25
2 24
3 28
8 28
1 47
8 12
3 56
11 46
9 43
2 52
5 15
8 23
9 33
10 4
9 19
1 10
9 39
8 41
4 40
7 33
1 38
11 46
7 7
8 8
12 53
1 8
2 24
12 54
10 48
2 7
11 24
5 54
12 6
8 42
5 47
12 35
4 19
7 50
8 18
11 28
11 26
5 11
6 5
6 32
9 51
7 13
1 38
8 11
1 34
8 40
8 15
6 47
4 14
2 48
11 44
12 19
12 50
9 9
9 14
8 54
2 32
5 36
7 57
4 28
5 8
11 23
5 34
9 3
11 20
10 8
5 5
12 28
9 27
3 50
11 36
6 11
12 4
2 6
1 8
5 54
12 7
8 7
10 19
1 21
9 21
9 1
5 32
6 7
2 18
5 46
4 45
7 59
12 26
5 12
11 49
6 27
6 32
4 0
12 6
4 33
4 36
12 53
2 11
3 12
1 18
8 40
5 14
3 3
2 43
10 17
1 43
11 13
2 31
3 1
4 6
3 37
10 21
7 14
3 49
2 52
12 57
4 21
1 47
7 6
5 54
4 59
4 22
9 3
1 23
2 27
9 21
12 51
7 41
2 33
9 18
3 25
3 11
2 5
7 25
10 40
2 1
1 48
7 46
3 18
6 45
11 46
3 58
10 11
4 28
9 49
1 34
7 10
4 17
12 48
1 46
8 57
5 12
3 33
2 59
1 37
6 0
11 49
6 53
10 7
1 49
12 16
4 57
5 24
5 54
2 26
3 27
2 18
5 0
3 6
1 53
12 56
1 24
5 2
2 42
11 25
10 57
11 48
8 39
1 17
2 3
6 42
11 49
3 10
3 24
5 47
8 16
3 23
10 19
3 47
12 9
6 8
10 51
9 58
7 48
4 48
8 4
11 1
6 14
4 33
10 21
5 51
12 40
11 31
11 34
12 25
6 46
6 40
6 24
12 42
4 8
10 37
7 48
5 59
1 44
12 27
11 47
11 31
3 13
3 3
5 36
3 16
6 45
7 54
9 27
10 43
11 7
10 5
7 27
7 48
3 9
12 29
10 57
7 39
7 55
8 31
7 54
6 11
11 14
6 49
5 37
5 55
1 50
8 2
11 22
10 31
8 19
7 18
7 31
9 43
3 23
1 16
3 59
11 31
1 9
10 57
3 5
3 28
12 39
9 35
12 57
11 25
12 4
9 10
9 2
1 30
3 23
2 44
5 13
12 9
4 10
11 42
10 48
9 3
10 59
12 13
6 23
12 46
3 6
7 38
1 6
10 50
7 8
12 37
3 8
11 30
12 17
2 45
8 37
3 55
1 34
5 14
12 5
2 34
2 55
12 1
10 34
2 49
7 14
6 31
3 13
5 29
10 46
11 53
6 33
9 34
11 21
1 5
3 30
9 20
11 33
9 39
5 3
11 48
8 34
4 56
5 35
6 48
5 17
12 51
11 44
7 38
3 14
11 26
6 14
5 30
8 47
5 48
2 40
10 2
4 58
3 42
7 59
10 17
12 10
4 41
1 5
1 44
2 42
8 6
6 11
2 26
8 45
4 41
9 6
8 41
5 35
3 20
11 1
1 58
9 22
12 53
1 28
2 40
10 26
3 35
7 43
8 17
7 46
11 33
1 20
7 3
6 22
2 31
5 8
2 47
3 3
10 6
2 58
4 46
5 0
12 43
5 14
7 10
9 40
9 45
7 11
8 53
11 53
7 46
3 5
11 38
3 18
6 25
10 35
1 1
9 9
8 54
11 9
6 47
7 30
11 35
2 34
3 27
5 5
3 41
3 7
10 17
7 20
6 52
2 14
7 14
12 2
6 34
5 47
7 50
11 40
12 9
11 54
12 16
2 11
12 12
5 30
9 41
9 39
1 1
1 24
12 49
9 37
11 45
9 25
12 20
3 38
8 38
2 7
10 6
8 1
2 19
11 3
6 54
8 44
12 0
12 0
1 50
12 40
6 19
5 42
6 57
6 24
8 11
2 40
3 35
5 29
3 3
11 42
11 28
7 24
9 59
3 43
2 48
10 17
4 34
6 35
10 56
12 58
3 42
4 57
10 8
3 50
2 44
5 14
2 47
5 37
4 48
5 20
7 1
9 6
8 52
3 52
10 55
9 36
6 29
8 35
2 56
5 51
4 20
10 12
12 18
11 25
12 6
7 52
8 3
11 34
6 20
9 8
3 52
9 30
4 3
5 26
4 41
12 2
11 13
6 28
5 58
2 14
9 22
5 58
1 51
2 44
3 26
4 43
5 20
4 0
5 57
8 25
9 45
6 10
3 14
5 56
9 55
11 14
7 6
10 27
2 52
8 2
10 39
11 15
3 7
3 42
10 38
5 48
11 5
8 46
11 7
6 35
11 8
4 55
12 0
3 58
6 16
5 39
11 30
11 21
11 12
1 28
2 10
7 1
3 9
11 56
3 28
6 43
1 35
7 19
5 36
12 40
11 33
3 14
11 39
4 15
12 0
10 22
6 21
11 25
1 32
6 19
11 46
4 20
2 42
7 13
4 4
12 48
11 8
3 45
6 43
1 29
9 3
2 40
1 40
9 6
5 24
5 27
12 56
10 7
5 26
8 44
12 54
8 7
8 1
6 59
2 32
11 6
4 5
9 10
4 46
8 4
11 51
12 51
6 15
1 35
12 46
3 46
6 41
4 45
8 55
11 0
2 16
10 11
7 26
4 8
1 11
9 54
6 14
3 5
8 18
8 33
1 16
10 54
1 33
7 53
4 43
9 28
11 19
1 51
3 45
5 31
11 44
8 57
4 32
3 28
6 40
9 49
9 10
7 52
1 23
2 39
12 45
10 35
7 31
5 55
1 35
10 21
7 48
12 12
8 39
3 16
1 48
1 14
4 21
9 11
11 58
9 9
4 13
2 29
9 54
6 34
7 36
10 59
11 39
10 48
5 57
6 37
4 31
7 53
10 1
8 21
7 2
7 8
4 3
7 10
10 19
11 9
6 12
9 22
7 49
9 37
4 3
2 47
3 55
8 37
11 2
12 41
11 28
5 26
8 54
11 58
1 11
5 48
2 15
7 24
10 7
3 58
6 5
6 54
3 51
8 39
7 3
5 59
1 54
6 31
12 32
4 41
11 1
12 10
10 44
4 58
4 4
6 27
1 47
3 58
3 55
11 22
10 17
3 47
9 46
3 50
7 55
4 7
7 5
11 35
4 36
5 21
2 24
10 57
6 4
3 7
8 20
8 30
12 20
3 1
6 48
4 48
11 43
6 40
9 19
3 0
7 11
12 31
7 23
12 56
9 37
4 1
9 33
7 29
4 36
4 17
4 46
1 32
6 14
2 56
6 43
11 57
10 44
3 14
4 6
12 47
6 26
12 44
11 54
6 53
12 29
5 7
4 38
9 3
1 38
12 47
9 22
9 33
3 17
1 8
12 56
6 42
4 35
5 29
1 32
7 10
10 42
1 7
5 8
5 56
9 12
5 41
7 55
11 48
4 4
2 11
11 9
9 54
9 15
6 30
3 50
11 29
11 16
5 49
4 58
8 12
12 8
4 54
7 7
5 23
10 26
11 58
2 6
10 3
12 20
3 12
10 52
5 25
3 3
2 13
8 22
3 3
11 2
4 43
10 20
8 38
9 39
6 40
4 18
12 0
4 24
9 47
9 42
2 23
3 34
9 11
9 19
2 8
10 10
3 26
10 48
12 56
9 6
5 3
9 9
12 18
11 0
6 11
8 29
2 35
5 27
4 19
4 5
9 19
1 3
4 56
10 39
5 14
6 13
2 50
10 31
6 44
7 15
4 21
4 55
12 19
9 44
9 38
4 37
3 13
7 14
4 10
7 23
6 7
8 42
11 28
7 21
6 43
9 43
2 47
9 43
5 14
5 14
11 18
2 6
9 54
10 7
1 42
11 10
8 32
3 14
11 51
11 6
3 50
5 10
8 59
2 18
5 34
8 57
6 12
5 56
6 57
1 33
12 21
2 19
10 4
7 28
2 22
10 59
1 46
7 21
6 35
7 42
3 12
10 32
2 28
5 55
7 10
11 18
10 52
11 27
1 4
3 26
1 49
4 38
10 26
3 56
12 0
4 10
4 59
10 37
8 39
11 32
8 50
6 36
2 37
6 8
5 8
5 38
10 51
10 5
8 39
9 58
11 7
2 50
7 51
2 54
3 3
6 38
8 17
8 56
12 6
4 52
1 59
3 41
7 50
12 19
4 5
1 29
5 58
9 3
6 42
12 56
2 46
11 5
4 22
2 9
4 33
8 34
7 33
6 51
3 25
9 9
9 18
10 39
8 23
7 56
3 21
5 22
7 38
1 26
4 2
8 33
3 8
2 15
12 47
3 35
6 44
9 5
12 37
10 33
3 1
11 53
6 51
1 18
1 12
4 8
3 16
6 58
3 25
7 18
11 16
4 35
8 43
8 1
1 4
11 58
2 39
6 2
8 57
8 42
4 17
1 31
2 17
12 33
6 22
2 39
10 41
6 57
5 10
4 0
3 4
3 28
9 27
6 28
1 14
6 51
9 43
11 19
1 40
6 6
6 2
8 46
10 2
1 58
6 5
2 35
3 16
8 25
4 19
3 14
9 27
11 29
6 0
3 37
8 58
8 21
9 20
12 16
6 6
5 37
9 52
8 17
1 0
3 10
12 33
8 8
7 3
7 32
9 31
12 40
2 54
9 21
11 26
3 16
11 54
1 4
8 7
9 34
4 49
4 51
8 56
5 15
4 0
2 39
9 39
6 20
7 25
7 31
2 7
12 14
9 25
7 37
2 27
10 10
9 39
3 3
11 4
6 38
3 14
7 55
6 22
6 46
12 51
12 15
11 23
11 54
7 0
5 25
11 22
10 58
12 41
12 52
7 16
4 45
10 14
12 4
12 43
11 24
9 27
10 57
11 50
1 17
2 30
1 20
11 45
5 41
8 52
11 32
8 50
11 4
10 52
11 26
7 13
6 44
2 57
7 9
5 3
5 30
2 36
5 2
3 28
4 27
6 43
12 32
4 33
10 28
6 39
10 20
12 42
2 34
2 26
4 18
4 0
4 29
10 57
3 58
1 39
6 29
2 43
2 36
12 13
9 48
12 11
3 12
10 25
12 20
6 22
9 25
10 16
5 55
11 10
1 25
7 43
4 46
7 31
11 27
1 38
1 48
9 5
3 44
4 6
11 4
6 40
2 34
7 11
4 23
1 22
4 43
8 14
9 14
10 4
1 54
6 36
1 32
4 37
6 44
8 20
11 30
9 37
3 1
9 29
6 57
11 14
12 52
8 57
6 57
10 42
6 37
11 15
9 5
10 26
8 6
5 9
1 0
12 28
8 21
6 18
6 30
6 17
5 23
7 33
2 0
1 35
8 20
4 15
6 54
3 25
9 0
8 20
4 52
3 45
5 47
8 2
1 16
1 24
11 50
1 48
9 26
8 58
4 51
9 0
3 40
7 53
5 44
11 37
8 9
9 2
5 15
5 57
6 53
10 3
9 23
11 56
12 55
10 57
6 21
3 58
1 37
5 31
11 44
12 0
10 15
7 56
10 33
12 23
1 37
7 25
5 55
8 19
10 39
5 8
10 39
8 25
11 27
5 18
1 36
1 1
9 27
8 38
10 21
1 8
3 18
8 14
5 5
7 51
3 59
2 48
8 13
6 1
10 22
5 39
5 34
12 0
6 4
1 57
10 42
12 16
7 54
2 47
11 7
6 6
12 54
5 9
4 23
4 50
1 28
7 53
1 36
12 17
4 34
2 24
7 41
2 44
10 8
5 24
9 31
8 58
9 56
5 14
5 45
10 49
12 31
12 49
11 7
1 0
12 54
3 21
7 30
6 18
11 45
5 32
4 34
10 17
12 58
3 56
5 42
8 16
8 42
11 6
8 7
12 29
5 2
7 20
3 33
3 35
2 27
5 12
5 4
6 57
4 15
2 26
7 7
6 12
12 13
5 33
12 28
11 28
11 40
11 2
11 41
7 19
4 8
10 27
2 16
2 5
2 43
3 57
2 12
9 9
4 17
2 54
7 5
4 10
11 32
6 22
11 51
5 23
8 35
11 54
12 12
12 0
8 30
2 8
11 44
3 0
5 21
9 32
9 43
10 21
4 44
5 53
10 39
6 33
3 1
9 28
6 42
10 56
2 45
2 52
2 1
2 59
3 1
11 47
6 46
1 42
11 2
8 39
2 57
8 46
4 29
12 58
2 35
7 28
6 55
9 56
4 41
9 24
9 9
4 28
10 26
5 53
7 37
6 47
6 25
12 7
7 55
12 11
7 10
4 20
7 1
8 21
3 21
4 29
3 54
11 3
4 11
10 47
8 14
1 22
9 38
7 10
9 39
12 44
4 57
3 43
10 21
6 30
8 21
12 3
5 39
5 3
2 32
9 54
3 55
10 27
12 5
8 33
2 54
5 48
7 6
2 47
5 57
1 44
10 32
3 31
4 8
2 12
6 18
4 55
3 18
12 58
12 26
7 42
12 39
6 44
10 14
11 35
8 24
2 14
11 32
3 19
8 38
1 48
6 13
9 47
9 43
9 21
11 45
8 59
1 50
12 56
3 13
8 23
5 55
4 53
6 59
2 21
4 20
11 20
8 5
3 12
4 48
9 49
10 38
4 10
9 20
11 55
12 18
8 23
7 44
8 9
6 58
2 28
4 2
7 47
9 9
2 48
8 55
10 36
9 56
9 17
11 23
2 25
2 11
3 39
3 49
6 45
5 24
2 7
4 32
11 58
9 35
6 49
10 59
10 42
12 12
5 31
11 22
2 19
5 10
9 11
7 5
9 1
5 43
7 8
9 59
8 32
12 21
4 13
5 57
10 23
11 6
6 19
6 6
3 5
9 4
7 39
3 53
2 10
11 9
11 1
11 42
1 2
6 31
10 10
10 59
1 41
2 17
10 35
11 49
4 14
10 48
4 55
6 36
5 36
4 35
3 24
1 37
4 15
7 15
2 14
4 7
8 51
8 59
5 18
2 9
7 46
11 32
3 59
8 50
9 26
2 49
12 52
11 5
10 33
2 55
11 15
8 33
3 39
11 50
1 31
8 29
1 31
2 18
2 39
10 47
7 45
2 43
9 45
9 13
11 8
5 29
5 19
4 51
5 5
1 31
11 16
1 42
1 46
6 3
4 51
11 48
7 12
8 8
6 18
1 49
2 45
11 18
12 29
11 59
11 34
12 42
8 20
7 2
5 29
10 35
2 44
7 8
12 32
3 53
11 21
12 45
4 20
11 5
4 36
10 40
4 26
6 50
11 31
5 56
5 0
3 14
10 44
7 3
7 16
9 10
8 57
8 30
12 28
6 13
10 42
7 14
10 32
4 17
11 17
8 32
3 50
6 55
2 52
6 38
11 9
9 51
6 50
4 35
11 25
4 57
4 22
2 2
7 32
6 25
10 34
2 23
1 40
1 31
4 48
5 8
6 42
10 23
12 20
9 16
9 8
6 10
12 20
2 59
11 27
8 11
8 26
7 16
3 14
9 2
10 33
11 45
10 32
6 7
9 43
2 34
5 25
6 24
5 44
7 29
11 25
2 26
7 36
1 35
6 10
2 56
3 9
9 53
7 38
7 56
7 15
11 56
1 19
1 46
7 37
2 41
3 49
8 0
1 34
2 40
2 51
12 56
11 57
1 5
10 13
10 59
5 4
1 46
6 7
10 22
6 29
6 29
7 24
1 51
8 15
10 4
7 43
3 52
7 22
6 44
11 53
8 27
12 6
4 36
11 8
7 10
3 3
4 51
10 13
11 56
2 48
8 54
4 26
2 26
5 30
2 14
10 9
7 46
6 5
2 23
2 59
7 31
4 39
10 23
1 33
9 23
2 7
12 58
10 21
3 47
11 59
1 27
6 5
12 46
1 25
5 30
4 59
5 13
11 25
3 31
4 7
2 55
12 37
3 33
9 52
1 30
12 27
3 56
4 26
2 52
11 46
1 13
12 33
7 15
11 1
9 33
6 8
7 14
4 6
1 10
12 58
11 53
12 0
5 48
3 44
7 19
2 44
1 36
7 20
11 3
8 55
4 17
4 55
9 10
7 46
4 17
12 48
6 26
11 48
11 27
5 18
10 14
5 12
9 12
9 57
3 15
2 55
8 13
9 37
10 28
3 13
6 50
4 21
7 46
9 41
3 6
11 37
6 56
4 36
6 8
5 3
1 32
6 42
2 55
10 41
11 39
6 56
11 58
10 45
4 5
6 58
7 4
4 28
9 10
12 37
11 56
4 35
2 33
10 46
10 14
3 8
12 45
3 57
5 8
11 5
10 46
3 26
11 29
2 11
9 28
3 11
1 33
6 49
6 0
4 4
6 50
3 50
1 12
10 33
11 16
10 21
1 34
11 51
10 6
2 48
12 38
3 19
10 46
2 24
9 15
7 32
5 44
12 34
9 33
11 41
6 47
1 24
1 22
2 24
4 17
7 4
4 55
7 27
9 47
5 52
7 27
6 2
4 31
3 8
6 16
7 39
12 0
5 39
1 11
4 48
2 20
6 54
2 24
7 52
4 21
7 10
7 8
8 7
9 7
3 33
7 49
8 48
9 59
5 34
3 48
9 21
7 39
3 56
2 25
11 7
3 22
3 42
3 33
10 45
7 32
2 53
3 39
4 49
12 56
6 19
2 56
9 2
12 44
6 54
4 26
11 22
2 12
6 3
1 4
9 9
7 59
9 43
7 43
10 36
1 56
8 37
1 2
1 27
4 49
2 45
12 47
11 47
10 19
8 42
7 31
10 28
9 31
3 56
8 45
2 19
9 42
3 42
9 35
11 44
3 25
7 12
6 55
4 20
7 1
4 54
7 15
12 40
11 20
1 47
4 25
4 52
7 22
6 54
7 11
1 45
6 33
11 36
1 27
5 47
8 56
3 27
3 11
3 38
3 43
3 1
12 14
1 33
7 44
10 14
9 33
6 10
12 55
8 21
7 43
10 26
9 55
12 35
5 49
7 43
1 55
8 13
12 22
7 52
10 53
6 10
8 34
2 39
6 37
10 42
6 55
7 15
6 27
9 35
6 15
4 45
7 16
9 48
4 59
8 59
4 28
7 57
8 27
6 0
7 7
7 59
4 18
8 29
4 58
12 26
2 38
6 42
12 22
6 1
8 13
6 33
3 6
1 23
1 22
12 37
4 27
9 41
11 17
5 15
11 18
1 26
1 6
6 0
5 14
6 37
12 6
11 53
9 37
3 57
11 11
10 30
7 39
1 52
12 52
7 35
6 51
9 19
2 30
7 9
4 55
10 19
3 4
10 1
6 11
6 47
10 20
11 11
11 58
10 43
7 27
5 8
1 15
12 30
11 36
4 36
9 37
6 32
7 5
8 28
1 3
6 24
9 27
6 28
5 16
1 19
4 14
2 38
1 32
10 10
11 18
3 20
11 9
1 39
6 55
7 30
6 34
2 33
2 17
6 21
3 42
9 7
11 32
4 40
5 53
2 20
5 41
12 59
10 17
8 41
5 46
9 46
2 3
3 37
3 58
4 38
9 19
4 0
8 18
7 32
5 39
9 40
3 17
9 0
7 23
3 46
5 4
8 18
12 14
5 9
2 13
1 4
6 39
8 29
11 0
9 57
10 56
6 29
11 9
3 30
5 23
5 33
12 51
6 25
5 39
7 52
9 36
6 1
2 55
9 55
3 22
11 51
11 10
10 15
2 42
11 59
8 47
7 22
7 12
6 47
8 11
2 35
9 49
9 42
10 14
5 25
2 59
2 54
9 36
5 59
12 56
8 42
5 53
9 55
2 3
1 12
9 4
6 1
10 9
12 35
5 28
9 28
6 45
1 22
11 19
7 9
9 15
2 35
7 29
2 29
5 52
5 36
9 49
2 39
4 12
6 29
11 57
12 43
5 10
4 27
9 38
11 32
5 39
5 50
7 13
3 6
8 22
3 3
3 35
7 44
11 29
4 46
9 30
12 27
5 42
7 53
12 21
9 53
8 7
1 51
4 31
7 50
6 11
4 49
8 4
1 17
3 29
8 52
11 10
6 48
7 43
6 56
12 32
7 55
6 28
10 45
11 38
7 20
9 25
3 10
3 27
3 34
12 13
3 53
11 1
10 45
7 39
1 16
11 44
11 59
11 18
9 10
11 18
11 13
11 20
4 18
4 8
6 50
5 18
6 54
7 39
7 42
9 0
9 33
7 16
10 44
10 1
1 5
12 8
11 32
6 22
3 45
12 8
5 9
4 11
4 56
11 37
10 20
9 32
1 39
12 48
7 11
1 1
10 26
3 31
2 18
12 53
4 35
10 14
6 28
3 18
5 1
6 46
2 23
3 7
5 42
9 9
11 31
2 13
12 58
11 39
1 46
6 50
12 57
3 14
10 51
11 37
1 47
12 2
8 58
10 47
5 27
6 49
6 53
10 50
7 47
9 37
3 5
9 21
5 45
10 4
4 45
9 54
4 49
2 54
12 13
8 26
1 44
12 34
3 40
1 12
7 42
7 31
10 43
3 6
1 16
3 57
10 19
7 37
3 42
3 13
10 58
3 33
9 42
6 44
3 25
12 55
5 11
8 55
11 59
9 36
7 38
3 48
5 12
2 28
8 36
8 7
9 30
1 44
6 13
1 17
2 8
5 14
3 14
2 57
9 1
2 45
3 44
5 49
4 33
10 1
1 10
4 9
6 55
8 19
2 34
4 31
3 44
8 22
11 39
1 39
6 6
4 51
9 8
6 29
1 21
11 9
5 15
11 53
12 33
5 41
11 43
7 13
7 33
11 11
8 26
5 51
11 10
2 31
2 51
1 54
5 13
9 12
4 9
10 37
4 40
12 39
4 5
3 16
6 8
5 33
10 24
7 0
7 0
7 28
4 10
2 2
7 52
7 58
10 3
4 57
6 26
5 57
5 53
11 7
11 25
6 56
6 19
7 19
11 16
5 28
9 19
6 5
9 51
7 22
7 33
10 3
9 10
12 27
11 45
11 14
11 7
1 19
10 44
4 26
7 43
6 1
12 24
9 42
4 29
7 6
8 31
3 9
10 58
9 25
12 35
4 49
10 43
8 47
12 56
6 51
6 53
4 4
1 27
5 16
11 7
9 28
8 8
7 46
1 50
4 26
10 41
2 17
7 40
5 16
10 5
5 50
9 29
1 20
8 50
4 58
3 13
7 32
7 50
7 47
10 11
5 3
7 21
4 24
7 38
1 42
2 1
2 25
12 56
10 7
5 31
6 49
4 50
10 48
8 24
6 42
8 48
7 24
5 53
10 21
1 51
8 0
11 26
1 22
3 13
7 23
9 32
10 47
6 38
2 26
6 6
9 17
3 58
8 33
11 15
12 53
7 0
10 35
2 14
9 52
5 21
8 17
3 19
12 39
12 46
7 23
6 44
11 0
9 53
2 45
9 26
3 18
11 4
11 11
9 7
10 8
6 27
5 41
10 18
1 13
6 38
5 15
9 42
8 49
8 36
2 41
12 5
11 47
9 37
3 48
2 59
9 52
8 8
5 23
4 40
4 50
10 17
4 6
4 40
9 2
8 28
8 37
2 2
3 0
6 15
10 38
7 0
1 42
1 39
2 38
8 28
9 9
2 59
8 44
10 22
9 38
7 4
9 9
1 48
3 26
10 31
8 44
6 48
10 38
9 21
11 23
3 44
9 26
6 46
8 8
11 17
5 29
7 20
7 37
8 39
8 35
1 32
12 27
6 13
5 34
6 30
7 6
11 39
8 30
12 39
2 23
3 43
8 20
8 2
2 8
7 34
9 41
6 55
4 31
11 9
1 32
1 17
3 59
2 25
9 59
6 5
8 9
6 49
3 38
4 51
12 35
6 19
2 20
10 36
2 4
10 7
3 23
9 22
12 2
6 10
4 35
8 25
4 45
4 7
1 27
1 50
12 10
1 21
4 7
4 2
12 57
5 23
2 35
12 42
8 38
1 14
1 58
4 22
8 41
10 5
6 44
11 12
6 53
9 4
10 54
1 25
8 16
10 12
11 5
3 45
4 48
6 16
9 42
8 57
9 39
11 16
11 16
3 36
1 19
4 16
5 13
5 10
3 43
8 32
4 48
2 26
4 36
10 10
4 1
8 45
11 44
7 34
11 3
1 40
7 46
4 37
12 4
4 29
9 43
10 54
4 28
12 53
8 58
7 11
12 14
6 0
10 0
2 36
10 1
9 12
6 12
12 39
7 28
9 37
2 31
11 2
8 30
10 44
8 57
6 39
12 54
8 22
6 10
4 51
1 27
10 33
3 50
4 30
11 16
9 55
10 25
4 4
11 12
8 0
7 14
12 10
9 12
2 16
3 39
5 1
3 52
1 42
2 3
9 26
8 25
11 18
1 47
2 12
6 53
5 8
3 49
12 36
9 8
9 21
9 35
10 24
9 36
2 36
3 17
1 11
12 29
4 15
10 22
2 26
11 26
6 37
2 50
2 26
8 22
5 14
7 10
1 46
6 31
12 43
10 26
6 1
1 26
4 25
11 54
3 34
1 56
10 6
10 29
6 6
12 58
10 43
3 44
4 41
11 38
12 58
7 7
2 28
7 15
10 25
6 34
8 56
9 44
2 4
5 53
12 37
12 57
11 31
3 20
10 19
11 12
9 53
10 39
11 40
9 57
11 50
5 7
3 44
2 30
10 54
4 11
1 3
1 14
1 35
5 48
3 6
6 9
12 34
3 8
12 29
7 35
11 17
10 45
12 34
5 8
10 22
12 3
11 0
9 58
4 14
7 6
11 36
9 18
1 10
5 8
9 44
10 13
5 45
10 44
5 54
5 20
5 48
3 25
4 16
12 8
11 40
6 46
3 43
7 34
8 19
2 32
3 31
5 23
6 7
9 52
3 4
10 5
8 29
10 12
7 24
9 7
3 55
6 22
5 34
5 49
12 17
4 44
12 19
9 22
10 27
3 0
11 0
9 11
10 32
8 33
12 50
12 10
3 32
11 28
3 32
2 48
6 39
5 0
10 13
1 36
8 32
12 2
12 26
1 15
8 26
3 16
3 39
9 42
4 34
1 5
4 27
6 53
5 10
11 35
12 59
9 40
9 6
12 4
6 11
3 40
6 47
10 25
9 4
6 37
2 14
12 41
8 46
2 10
10 57
11 27
2 14
6 23
9 30
7 54
1 49
6 54
11 50
8 48
4 3
12 46
9 3
3 8
7 33
9 47
9 57
5 26
4 15
3 19
11 36
12 22
9 5
6 25
1 12
7 0
2 38
5 34
12 27
8 5
2 59
4 14
1 6
5 48
6 8
4 51
12 11
1 14
11 48
8 26
5 4
9 10
2 47
8 19
7 18
1 54
7 54
10 57
11 2
7 27
8 59
6 47
8 12
8 47
1 44
11 44
2 6
8 42
4 4
2 55
8 49
4 17
4 21
11 31
11 40
2 33
7 34
1 16
6 26
11 41
5 6
8 59
10 23
2 32
12 51
6 5
1 51
3 46
12 48
8 9
8 54
12 59
2 15
12 13
7 22
4 8
10 55
6 20
2 35
12 32
10 10
12 34
7 53
11 19
11 27
8 33
3 40
8 17
5 52
7 14
11 3
4 7
8 49
1 58
1 17
6 49
11 15
1 37
1 15
12 42
5 14
8 29
8 35
1 3
8 55
2 31
5 30
3 36
11 54
2 37
8 50
4 20
2 36
1 30
4 4
6 44
2 5
3 37
3 11
8 8
11 11
10 5
6 34
1 25
12 16
4 17
7 58
10 41
10 36
10 29
4 44
9 33
7 12
1 47
11 7
10 38
10 43
11 51
5 8
6 47
5 33
12 15
5 27
3 51
9 6
2 51
8 36
9 25
2 11
3 29
8 11
1 27
10 5
12 41
11 15
6 21
12 47
9 50
3 44
1 40
6 32
1 7
9 16
10 7
1 54
12 2
8 25
10 15
10 56
1 48
12 32
8 21
4 40
3 2
9 31
11 26
2 17
2 13
3 31
12 49
7 37
5 42
1 30
9 16
9 15
7 35
8 18
6 41
5 47
7 44
6 48
12 46
11 0
5 45
1 38
2 21
12 4
9 18
7 36
2 12
1 12
9 54
2 22
11 10
11 51
5 18
3 20
1 56
11 43
7 40
12 12
10 44
12 52
12 29
3 31
5 4
6 10
11 49
3 52
2 47
6 14
3 30
11 55
11 19
4 21
7 53
8 22
2 57
4 7
3 11
5 10
1 28
6 37
2 53
2 31
4 6
11 15
11 0
8 28
4 45
12 46
2 44
8 35
11 14
6 2
10 1
1 46
12 24
10 5
9 49
5 27
5 49
8 58
1 19
4 55
1 52
10 34
11 54
5 0
9 9
8 45
7 22
2 27
9 52
11 54
1 9
1 5
6 33
7 18
12 58
3 13
6 52
7 41
6 34
7 4
9 19
1 21
12 34
9 11
3 23
4 48
9 22
9 5
1 50
3 49
8 44
11 46
3 3
9 31
4 8
1 12
12 55
5 44
9 13
6 17
11 18
5 19
9 18
11 54
3 4
12 10
6 18
1 5
11 12
9 20
8 17
4 4
9 47
4 23
5 8
12 27
6 57
6 39
6 23
4 41
7 18
11 45
1 22
12 15
12 10
12 52
3 11
12 55
11 57
6 15
8 30
8 1
2 47
3 12
8 5
11 17
7 53
10 6
1 23
2 43
9 34
9 27
12 4
4 41
10 58
8 38
3 35
5 0
12 46
8 42
1 58
5 39
2 21
3 49
3 49
8 34
9 32
12 1
11 36
5 31
2 50
12 2
9 51
1 0
4 20
6 9
11 48
6 26
11 22
12 30
7 9
2 31
6 19
5 14
1 33
7 41
10 33
8 29
7 59
9 4
6 42
8 57
2 15
1 55
12 35
3 5
7 34
11 15
10 57
4 18
5 21
5 18
11 46
11 1
4 26
4 52
9 52
10 22
5 53
3 49
7 46
3 6
2 24
8 13
2 20
6 41
12 7
12 54
2 42
1 44
8 12
12 1
11 1
4 56
8 12
8 13
6 9
4 41
9 16
8 10
6 13
5 8
5 24
3 54
5 33
3 8
8 38
2 47
7 30
2 4
4 15
7 38
7 17
11 14
2 48
8 45
6 31
7 17
4 22
11 10
1 23
7 40
3 47
1 13
4 48
12 40
4 6
1 9
11 25
2 29
8 26
12 23
6 36
11 29
10 47
12 53
10 8
11 51
5 3
7 48
4 52
3 57
1 50
10 30
10 11
7 14
8 42
12 40
10 22
1 13
10 39
10 20
4 31
5 51
11 7
9 15
5 9
5 44
10 18
5 56
4 13
5 34
5 22
3 15
6 42
1 39
9 12
4 14
3 25
7 19
5 17
6 55
12 41
12 7
7 22
3 39
1 32
8 19
4 12
5 8
6 24
8 52
6 40
7 8
11 42
8 51
6 19
12 23
1 2
3 3
5 18
12 20
12 40
4 34
4 27
4 0
1 19
8 53
10 22
6 49
4 26
1 6
6 17
12 12
8 26
6 33
11 55
3 11
7 4
9 3
1 40
10 7
1 13
7 20
11 14
6 10
1 0
4 14
5 29
9 9
5 57
9 39
1 8
5 27
12 2
12 43
12 53
4 52
4 48
8 19
4 13
3 54
12 33
6 14
8 45
4 19
8 17
9 59
4 53
10 45
9 52
3 56
8 4
5 48
7 41
11 44
2 58
12 14
3 57
4 26
7 32
1 46
9 8
5 51
4 7
5 48
12 35
12 12
2 21
6 22
7 24
12 21
11 21
11 38
11 36
9 2
1 19
3 33
3 19
4 13
4 13
11 37
3 18
6 29
9 38
3 15
2 24
7 12
3 31
9 25
12 46
9 34
6 12
3 20
12 10
8 23
4 11
4 43
8 7
1 48
5 1
3 22
5 50
5 51
5 34
9 35
11 6
8 38
2 25
1 40
2 17
12 23
12 25
3 35
12 20
5 42
11 57
7 16
8 34
9 24
1 21
9 57
10 9
2 6
2 14
12 9
3 55
12 28
9 16
5 52
3 50
10 53
11 11
7 56
3 12
6 57
12 9
2 43
2 35
4 30
2 41
5 14
5 10
1 1
7 3
9 3
9 25
5 51
3 5
2 47
9 56
2 49
1 52
11 8
10 8
12 2
5 48
8 55
5 44
9 28
1 2
1 31
5 21
9 19
1 9
9 24
4 57
4 59
9 48
5 45
8 51
8 14
11 46
8 5
11 14
10 40
3 6
10 17
5 33
2 16
5 51
4 56
10 17
9 49
7 56
12 17
11 30
3 42
1 35
2 8
7 31
7 4
10 50
7 36
12 14
12 8
6 53
6 10
9 46
3 58
7 33
3 8
10 15
5 58
2 28
6 31
5 0
4 26
5 26
10 41
1 52
7 22
8 1
12 23
11 12
12 18
6 49
11 0
11 18
11 54
10 56
3 23
5 30
5 49
8 2
12 52
10 27
11 1
4 2
2 51
1 29
2 25
11 23
12 34
4 37
11 55
6 59
10 3
7 15
6 29
12 39
12 28
5 34
1 3
5 0
11 57
8 59
3 46
6 47
5 49
10 50
2 3
5 50
7 44
6 43
8 38
8 12
4 9
7 14
3 23
7 52
8 41
2 19
10 11
4 14
3 27
2 35
9 43
4 56
9 5
8 36
5 40
9 1
9 5
12 20
3 33
3 5
5 45
8 5
12 27
1 7
6 56
2 30
3 11
6 37
5 47
11 56
3 55
6 31
10 49
8 13
8 8
8 27
9 14
2 9
7 22
3 18
1 25
11 23
8 36
8 21
3 18
9 8
9 27
3 21
1 15
7 44
2 18
11 27
9 14
3 30
12 56
9 19
5 17
9 24
8 28
9 25
6 5
12 4
3 12
5 7
7 11
5 51
1 22
11 3
4 25
9 37
12 33
12 55
9 9
11 15
8 29
1 0
7 48
1 15
1 6
4 33
7 8
2 8
2 52
1 30
8 46
3 34
6 25
10 13
3 33
3 17
10 9
1 6
5 44
4 11
12 41
10 48
6 43
2 13
7 8
4 57
10 22
4 9
6 44
7 17
1 8
8 54
8 34
12 7
9 4
5 42
2 57
5 51
12 19
12 30
6 30
12 5
1 48
2 54
4 39
9 52
7 50
1 18
5 34
2 4
11 2
12 9
5 6
1 34
8 45
2 45
6 46
2 35
7 29
3 12
8 36
7 57
2 56
4 28
4 11
12 4
3 35
5 40
12 48
1 1
3 4
2 4
11 36
1 7
9 36
8 56
3 28
10 4
6 54
3 53
8 7
2 59
12 21
4 14
11 55
9 21
5 9
9 32
5 56
1 15
6 2
1 30
7 3
4 49
7 3
3 29
10 40
10 38
3 24
8 17
10 8
2 57
1 20
11 21
8 2
11 21
8 39
10 30
2 17
5 13
4 32
4 44
3 8
3 56
7 15
7 39
10 17
11 13
1 47
9 59
9 34
11 16
4 34
7 31
11 43
12 59
2 48
2 6
12 9
2 13
9 31
11 33
1 23
9 54
10 49
5 9
7 29
11 52
9 19
8 19
6 51
9 7
8 3
5 10
8 30
5 2
1 47
9 2
9 14
11 39
3 20
7 4
1 49
2 58
5 7
9 40
3 2
5 38
3 51
1 5
11 6
4 29
3 36
10 20
5 59
9 44
2 16
9 0
5 11
5 17
5 22
6 30
3 1
7 7
3 42
6 23
9 43
5 24
6 29
8 13
5 32
12 10
7 26
10 49
7 55
10 21
8 19
10 39
8 34
7 34
8 4
4 48
2 56
3 7
11 27
4 22
9 19
3 3
3 30
10 11
5 46
9 58
11 54
3 57
12 11
10 39
5 6
6 51
6 49
3 56
5 21
6 23
9 2
11 33
10 23
4 33
4 42
8 37
2 48
7 54
10 54
11 35
3 7
2 37
6 22
11 29
5 32
1 7
9 35
3 12
8 22
10 20
5 0
2 5
12 1
11 32
2 20
7 1
5 16
2 50
12 59
7 49
3 35
7 35
2 40
7 38
12 2
10 48
11 29
8 46
2 24
8 43
4 22
1 17
8 36
11 10
2 51
9 29
10 27
7 56
3 39
8 49
11 4
5 49
10 7
8 5
8 58
4 41
4 23
6 35
4 56
2 21
11 16
4 19
11 52
12 7
8 26
5 4
9 31
3 10
10 20
6 17
6 26
4 56
7 58
12 16
8 52
5 30
3 17
9 25
10 9
4 55
9 55
3 28
5 20
8 52
3 14
9 46
3