10000
28 104 82
39 112 8
83 98 81
72 123 33
68 154 73
96 152 74
85 165 90
69 93 42
10 23 46
51 57 78
11 75 15
24 34 66
31 112 36
82 122 70
64 92 56
3 59 56
33 121 99
11 56 7
91 148 31
87 182 15
26 76 57
79 97 16
85 128 1
9 95 89
16 109 46
63 154 46
70 169 44
20 32 28
3 8 41
82 118 52
15 19 66
35 50 30
87 143 48
59 79 94
8 81 78
82 115 36
57 103 49
24 78 93
55 145 84
32 76 54
40 128 6
55 128 30
20 33 99
40 68 89
29 104 58
11 29 99
93 97 84
46 67 26
7 35 75
25 46 59
67 80 96
60 75 87
46 145 80
12 77 56
7 68 66
34 59 12
36 73 62
13 99 52
31 125 50
39 109 84
37 52 31
43 143 66
29 101 42
13 17 2
88 129 54
28 89 44
57 112 98
97 196 56
6 33 6
60 157 6
7 46 36
32 118 59
0 51 16
63 69 17
12 92 90
45 46 53
26 110 73
94 137 41
46 128 44
45 51 3
6 106 37
39 61 16
64 94 39
20 107 62
7 81 74
3 17 13
4 80 39
91 164 94
86 157 98
29 117 98
85 130 73
84 146 47
4 10 32
1 98 43
73 120 48
13 58 9
71 105 3
66 67 80
62 161 22
46 88 54
59 95 96
61 104 82
65 124 40
8 59 93
68 122 29
38 47 73
39 57 24
91 153 14
69 169 15
77 89 57
0 34 87
81 134 89
49 99 29
0 80 79
28 49 30
12 36 77
83 134 64
84 138 23
41 117 98
71 148 56
80 174 90
82 168 37
64 100 100
32 91 25
32 86 87
76 80 45
83 122 52
75 95 53
80 104 84
77 121 28
3 14 45
92 186 69
88 121 3
94 100 32
16 54 13
11 104 17
66 163 80
49 134 100
81 96 15
69 84 91
4 36 57
76 84 38
43 95 23
28 76 4
76 151 82
44 119 15
57 102 79
28 105 25
88 179 28
92 183 69
78 111 60
58 142 29
13 27 48
78 118 99
72 152 3
27 121 53
12 44 40
37 129 10
12 78 73
91 158 97
56 114 48
93 179 67
24 43 95
84 110 47
84 86 95
71 121 98
84 92 3
50 67 34
6 61 38
85 169 5
54 131 85
0 79 18
29 35 40
62 81 18
97 169 74
72 153 43
39 109 88
86 108 56
9 84 46
71 138 84
38 55 3
62 149 44
33 123 25
20 32 13
13 46 73
68 130 22
60 109 19
53 91 61
37 55 47
23 49 94
0 5 25
62 150 94
6 84 76
17 51 73
77 123 73
94 136 3
16 55 41
9 82 53
58 90 50
74 121 65
94 154 15
4 16 84
46 132 69
47 73 82
1 61 38
15 73 35
25 62 92
20 103 94
51 139 76
32 63 38
14 52 73
58 59 71
71 83 73
99 136 76
17 98 93
90 166 97
45 58 28
12 99 76
30 88 55
45 61 43
27 117 55
58 115 2
2 90 62
6 7 78
43 68 91
95 108 90
22 90 37
61 145 16
68 108 55
15 44 52
6 42 70
12 39 77
16 66 82
47 120 18
92 150 92
83 116 98
48 57 84
4 32 25
25 110 35
44 125 2
31 120 78
64 84 85
2 57 82
49 78 66
29 123 55
26 124 88
80 96 11
74 169 56
56 59 34
1 81 79
13 52 83
52 91 13
94 173 38
39 84 98
19 114 9
77 142 9
73 83 98
9 72 94
99 177 41
78 87 68
4 70 18
94 155 69
99 113 38
82 136 30
11 78 11
38 55 45
78 102 9
40 56 51
5 38 15
4 93 89
77 103 81
17 66 78
79 91 13
72 106 97
84 181 76
23 90 61
73 136 95
31 44 45
70 130 80
6 105 19
34 36 82
0 9 22
65 98 75
14 82 89
45 78 39
62 148 54
90 92 78
70 113 78
38 77 76
40 80 18
20 91 57
20 51 9
23 123 63
89 179 21
50 109 91
70 96 13
27 95 39
33 75 7
95 119 64
5 59 30
90 158 81
88 169 31
94 156 11
29 115 27
20 98 5
30 118 63
23 55 16
21 101 28
39 60 42
15 29 43
56 102 100
93 120 45
0 75 29
94 144 73
94 109 40
22 33 100
97 117 98
18 110 25
88 149 80
73 98 97
41 114 46
0 16 64
74 129 27
21 75 61
75 173 40
89 100 7
74 121 21
23 71 57
77 177 86
67 156 78
72 83 85
51 147 69
17 23 80
83 120 51
96 123 33
98 173 100
5 68 67
67 163 25
85 86 41
91 110 19
35 60 13
37 86 45
22 106 63
43 102 90
72 78 38
29 55 77
4 37 81
61 92 50
70 91 15
95 107 68
80 84 84
50 140 27
19 55 91
89 111 62
99 126 33
51 140 58
62 78 14
20 60 76
40 82 51
21 66 39
20 48 75
58 88 100
79 147 16
62 87 1
19 55 98
33 37 32
54 88 19
55 77 73
14 68 35
11 43 41
73 104 27
48 57 69
29 81 26
6 21 88
11 62 96
32 91 63
53 63 27
6 21 24
24 108 42
19 63 99
56 126 42
85 110 34
43 57 63
70 76 87
11 50 8
71 158 83
32 107 42
90 175 73
29 99 14
13 46 88
27 99 11
96 99 6
36 100 27
89 118 64
53 101 50
38 128 10
16 80 29
15 77 91
8 39 36
31 73 67
11 51 44
54 143 82
74 140 82
33 47 4
80 177 7
53 120 4
99 154 9
77 116 88
96 120 92
85 184 84
84 151 87
75 114 71
39 132 48
97 137 4
32 61 58
35 111 17
13 96 97
62 141 3
5 86 87
40 81 70
59 115 78
89 131 71
36 101 63
53 72 43
85 112 97
15 84 95
26 32 6
62 152 76
15 35 100
84 128 91
8 78 42
73 124 57
69 130 11
80 179 84
66 121 22
54 95 38
13 105 34
94 191 64
28 99 64
68 151 55
46 70 54
34 105 92
61 112 49
82 110 10
30 99 67
79 98 98
68 167 84
27 125 66
93 152 49
6 96 38
35 62 6
86 156 13
26 53 56
31 75 48
47 108 52
14 100 61
20 110 74
34 90 83
2 76 1
26 116 46
93 168 30
25 121 85
7 90 23
46 55 4
39 43 83
57 122 72
24 65 4
90 152 65
16 17 9
82 116 69
91 176 74
11 62 58
4 101 65
77 127 56
43 122 27
51 117 24
54 68 88
94 190 84
66 155 23
77 116 17
84 164 60
63 74 69
8 41 73
15 18 34
44 126 98
16 74 91
31 107 10
77 131 84
48 93 89
96 104 18
77 150 53
28 121 42
70 87 85
89 105 85
55 129 44
19 62 71
81 143 57
52 105 52
20 85 71
70 116 11
56 100 42
92 96 75
6 30 74
65 92 97
66 162 48
50 88 20
14 109 45
31 80 80
11 39 51
14 92 97
99 139 37
49 108 71
72 82 51
52 131 78
93 139 88
61 114 4
26 98 58
98 139 62
20 117 68
9 42 53
82 109 39
70 115 10
75 77 100
86 158 35
46 80 68
84 184 82
36 47 36
9 12 50
51 90 36
3 92 30
66 140 56
89 122 77
11 89 39
57 122 73
29 32 54
42 69 47
34 55 3
68 161 96
82 122 16
62 68 24
77 92 44
7 97 18
87 97 20
71 93 35
96 120 58
51 81 91
75 101 13
17 21 89
0 15 74
92 160 19
11 49 76
74 80 63
32 129 3
92 169 89
53 143 46
8 74 56
77 176 14
11 89 18
89 130 73
74 146 82
46 48 61
76 142 33
2 87 5
96 186 79
15 92 46
80 145 36
47 75 28
10 73 4
22 29 27
9 53 49
44 137 63
56 137 10
83 151 23
90 141 62
17 49 32
23 107 38
61 141 28
38 134 79
88 110 58
71 126 79
49 68 24
51 142 3
0 57 40
20 60 98
76 107 70
34 40 10
1 13 53
84 144 86
86 140 73
81 113 46
99 113 45
32 102 86
45 93 55
61 132 56
52 53 16
39 97 77
65 80 25
93 151 27
81 170 65
57 152 49
49 140 64
99 170 97
26 37 86
48 85 4
43 109 57
35 124 74
13 63 83
2 71 51
25 68 89
51 56 6
97 138 66
70 88 16
15 89 51
2 32 9
30 81 9
96 117 27
21 89 99
92 94 57
64 116 91
92 138 22
98 119 76
87 145 93
57 153 1
38 59 79
25 94 19
56 62 90
35 89 81
10 18 83
61 152 67
93 147 39
50 129 93
55 134 21
3 12 17
68 141 30
93 166 14
39 134 48
91 147 52
85 141 86
21 49 99
10 103 70
63 155 82
44 56 92
15 39 54
35 37 46
32 33 14
34 131 30
85 146 86
72 135 97
60 81 43
58 148 51
31 42 3
20 99 26
49 88 51
76 166 61
84 116 36
69 162 56
68 76 33
66 95 92
17 98 86
72 93 73
78 139 75
84 153 20
59 106 79
81 132 80
93 133 91
2 65 35
22 42 25
4 86 95
80 168 25
76 133 29
30 52 85
29 85 24
83 164 55
50 60 77
0 54 44
77 164 67
25 90 19
30 79 78
90 127 77
90 142 5
55 97 26
0 5 38
12 64 1
2 77 95
99 131 38
4 34 38
88 115 20
75 85 25
32 118 88
11 64 87
86 151 53
6 98 39
1 62 79
40 45 42
84 143 36
90 153 15
90 95 45
70 155 20
23 30 57
80 163 61
53 126 29
73 160 8
38 129 25
2 84 20
26 92 55
49 92 46
34 37 58
5 13 57
66 119 5
54 123 28
9 97 68
25 100 98
60 106 91
73 131 20
61 125 78
16 59 81
40 68 84
96 97 94
28 91 59
41 97 23
68 138 12
99 145 56
16 67 1
11 101 100
79 118 14
19 31 20
40 120 33
2 50 49
2 102 72
56 67 33
66 160 94
39 124 86
44 104 74
43 141 27
41 62 27
53 100 42
18 75 83
81 140 41
92 96 47
23 48 33
78 127 80
95 137 53
97 123 56
73 85 53
47 101 86
11 35 19
68 166 17
94 153 52
67 131 39
87 122 67
68 93 78
12 32 1
21 23 46
78 142 1
44 78 11
80 158 50
73 101 64
9 46 47
51 133 95
97 197 87
13 49 47
92 169 10
25 119 42
80 173 18
23 98 78
10 16 89
94 112 58
74 105 23
22 38 50
30 55 64
93 169 36
51 138 55
90 187 52
92 134 25
47 146 41
94 184 57
90 112 36
16 112 69
7 17 14
21 47 80
65 135 34
78 107 22
25 58 89
23 119 8
42 97 18
88 142 68
6 100 77
49 74 19
70 145 73
65 133 2
46 130 73
39 95 52
92 166 47
70 100 100
74 144 83
1 64 73
67 163 95
55 131 87
38 122 64
42 60 55
15 51 97
92 115 90
31 63 8
92 94 59
50 51 16
46 125 91
6 20 62
88 159 94
19 76 33
58 104 30
4 25 18
61 94 61
78 82 21
60 142 22
58 77 72
54 95 23
3 47 79
97 110 64
70 126 33
46 105 1
41 56 48
79 125 62
93 165 30
48 77 33
46 136 35
94 118 98
71 153 4
99 125 31
28 101 75
21 88 69
72 81 87
95 172 52
75 107 4
22 77 39
45 96 91
7 96 24
90 139 30
80 169 44
75 140 77
72 138 89
37 105 84
7 72 64
49 79 84
26 109 54
93 126 76
70 72 76
72 122 54
33 84 31
88 163 81
40 61 54
20 95 78
18 53 78
93 191 7
0 74 87
87 132 49
45 62 9
83 150 28
60 77 100
98 193 62
49 139 43
17 49 44
29 65 94
41 79 24
63 89 41
9 106 17
2 84 91
78 147 1
79 168 80
46 96 93
14 56 100
13 44 64
96 135 5
93 131 65
16 71 68
96 154 12
7 100 25
52 73 31
43 128 8
39 67 4
8 90 10
58 107 65
31 125 16
12 80 41
94 99 43
11 19 89
83 103 21
68 162 19
5 74 84
4 58 73
40 121 2
97 162 87
13 61 59
91 127 80
6 7 71
76 139 66
85 179 87
69 128 99
2 81 27
96 195 79
77 134 98
73 152 25
29 41 62
5 36 56
62 144 58
21 81 34
73 171 39
39 79 82
53 95 20
29 117 62
59 147 89
42 110 14
40 111 19
0 89 43
40 95 79
19 89 21
13 23 4
38 77 74
24 48 39
73 130 88
92 126 99
68 158 47
13 15 76
6 12 53
59 147 57
14 44 57
57 93 84
94 174 98
85 90 20
67 148 36
8 32 5
26 78 72
57 119 9
76 104 94
88 170 75
22 92 32
9 32 33
43 57 48
62 149 48
36 124 35
88 135 85
81 139 46
99 145 64
42 63 92
31 123 31
18 103 86
89 151 64
31 52 78
24 78 17
8 28 34
96 183 2
86 138 91
14 16 5
91 99 78
85 179 46
92 129 52
93 102 74
6 42 25
60 108 88
14 47 17
99 107 88
88 140 52
30 105 3
56 105 32
18 97 35
87 172 40
48 124 74
77 94 6
33 47 46
91 107 49
11 77 18
9 28 90
75 174 98
32 51 41
54 154 65
10 46 62
43 133 68
40 62 63
56 133 50
77 111 56
83 95 30
43 87 9
67 123 17
74 170 53
63 114 19
13 73 41
38 49 96
78 153 10
25 108 3
75 155 66
54 108 60
65 127 53
39 68 57
83 135 12
1 22 20
13 46 52
5 74 54
42 56 99
88 127 5
54 88 92
10 57 92
71 96 41
8 10 47
45 133 63
55 66 36
61 145 84
96 160 75
35 133 11
19 53 94
67 166 33
58 82 61
34 42 96
49 137 67
72 142 31
39 98 29
66 163 99
91 106 40
87 141 64
17 31 7
94 156 37
0 27 2
32 60 30
45 69 8
71 114 30
74 160 42
21 101 52
41 98 20
99 175 54
6 73 11
24 119 71
32 110 30
8 50 67
37 43 15
65 67 92
37 90 19
8 52 78
47 133 71
78 98 47
70 118 3
48 49 88
99 129 92
98 188 89
47 84 65
88 96 25
67 143 59
19 85 80
71 152 62
13 32 3
50 66 84
96 173 72
54 152 42
71 117 16
29 42 96
99 193 4
17 61 47
23 107 74
42 103 84
24 25 67
6 67 51
49 72 76
40 50 70
39 64 100
65 162 89
99 184 91
4 43 15
28 122 80
93 110 36
69 115 76
16 105 47
53 120 14
95 134 20
21 91 69
31 119 18
41 69 46
11 77 42
24 53 3
33 102 28
96 164 20
28 49 75
92 186 61
49 65 44
12 34 73
65 115 17
61 118 91
73 169 1
42 115 60
42 124 70
33 93 91
77 104 9
10 12 17
20 99 97
51 136 70
96 194 71
21 23 82
11 64 75
56 127 7
21 35 97
9 55 64
62 105 80
42 81 52
2 98 36
95 168 38
52 66 40
32 125 2
64 98 85
53 133 45
58 119 81
47 51 46
30 95 72
75 175 92
32 59 65
50 100 67
31 68 19
43 47 50
62 151 96
75 128 87
76 149 65
89 162 77
57 73 89
70 127 62
78 79 81
7 36 48
79 115 3
97 128 30
30 108 14
11 43 94
52 116 100
99 119 21
71 86 29
66 76 38
82 132 41
74 167 6
13 111 62
79 109 93
76 143 45
3 25 34
68 78 52
5 72 50
8 104 24
19 102 31
23 107 29
55 105 6
50 129 76
44 59 75
4 101 62
94 178 92
13 109 91
95 177 55
53 80 79
42 132 61
97 141 75
30 127 59
77 166 91
33 37 69
79 151 48
75 143 42
77 127 87
72 114 6
66 86 68
11 58 15
78 172 2
81 163 18
75 103 81
73 96 79
44 63 76
3 29 16
32 116 3
54 83 14
9 103 68
45 106 32
52 59 53
42 139 49
60 129 17
25 112 67
3 9 35
97 110 82
32 98 36
28 98 18
18 57 87
60 107 51
85 116 89
63 140 63
27 96 25
40 117 14
58 123 79
14 113 54
52 103 31
65 138 69
50 73 22
78 94 39
89 94 90
20 62 62
90 125 68
37 50 29
43 126 55
7 98 26
96 156 40
65 147 92
95 108 99
46 108 74
50 94 68
25 74 51
28 36 19
66 121 49
76 169 93
69 91 87
46 73 55
78 101 84
23 102 69
62 148 5
41 54 6
26 31 8
55 95 53
1 6 59
94 138 10
89 90 18
74 114 9
33 80 59
37 57 98
19 76 48
93 170 87
19 85 45
0 17 31
19 43 42
39 109 11
59 83 34
99 119 75
0 49 47
72 113 49
26 35 39
69 161 77
58 94 42
87 153 16
74 167 76
18 47 18
73 101 49
28 47 41
86 172 27
52 138 44
82 173 44
34 122 98
38 109 100
69 109 62
57 91 13
53 64 33
48 113 45
23 110 7
52 109 24
19 68 66
46 122 79
72 112 41
25 117 14
21 28 69
68 133 57
47 53 74
8 20 86
14 50 88
18 104 50
63 86 81
64 97 6
33 102 30
70 92 18
51 74 29
79 140 70
80 90 1
79 121 19
56 111 58
41 90 11
52 124 69
2 91 45
12 100 77
42 133 48
7 107 90
22 55 44
60 102 98
21 22 94
9 96 35
36 107 9
81 121 32
38 127 28
39 49 50
22 88 15
83 158 90
39 106 63
75 148 90
33 60 53
31 94 56
54 73 11
93 156 19
46 90 45
87 158 10
19 43 36
15 27 76
4 67 58
92 129 26
33 72 13
65 140 78
36 39 15
96 194 63
48 68 86
19 31 49
59 158 94
50 73 55
86 122 70
12 33 10
10 56 68
8 68 10
82 101 19
15 44 29
17 115 39
92 103 17
82 159 98
5 39 8
28 80 54
75 132 22
77 170 79
87 180 48
73 135 70
79 144 5
46 96 25
18 110 51
27 101 58
95 140 5
37 106 100
17 69 96
82 138 5
53 135 93
39 114 68
55 155 23
42 48 4
23 109 34
37 65 51
66 136 61
10 48 3
55 92 94
69 84 11
20 98 9
40 84 9
27 113 18
92 150 89
8 9 73
70 133 63
65 135 25
48 105 97
25 109 8
80 147 1
36 130 66
27 37 79
92 160 64
22 59 57
79 102 81
67 86 92
56 124 4
22 89 30
7 33 85
82 147 90
8 30 56
86 133 69
57 148 37
57 151 99
24 115 33
0 27 23
94 100 86
35 97 36
65 119 21
94 113 94
10 16 61
75 77 23
63 102 31
54 114 6
35 66 54
87 161 47
40 42 80
56 108 57
67 70 41
50 143 35
55 133 87
10 32 60
34 43 17
86 169 1
31 115 91
54 154 84
64 109 3
30 77 96
7 80 3
90 98 28
18 101 68
98 117 23
88 188 97
41 70 68
24 27 71
76 90 30
90 125 12
30 94 32
79 158 94
80 121 91
67 148 77
57 100 36
12 37 61
69 123 81
33 113 53
95 112 48
9 29 7
23 77 89
75 83 58
47 94 5
67 108 4
14 102 22
76 143 8
95 178 82
25 124 11
96 179 52
56 125 31
5 28 4
97 196 56
74 136 84
12 80 35
39 116 36
22 29 65
45 97 18
16 94 79
51 142 12
19 65 75
36 136 88
12 83 35
28 35 62
43 100 76
91 189 32
93 100 32
13 94 90
32 109 30
27 102 51
34 71 74
23 75 58
29 90 95
12 22 39
60 120 15
86 120 55
32 72 20
64 76 59
42 93 91
14 93 15
13 81 92
22 109 45
74 157 17
13 52 46
47 81 27
96 108 93
33 127 100
25 114 64
41 74 69
71 98 43
65 84 6
3 103 23
33 90 13
80 168 54
6 83 42
59 139 54
61 81 64
60 88 25
55 130 88
91 108 14
94 119 67
8 81 19
47 57 95
23 28 45
67 113 76
62 80 66
32 86 87
7 18 43
30 55 50
5 100 69
15 56 85
79 84 4
70 102 52
80 122 42
94 166 97
37 51 24
81 141 61
48 61 11
60 141 31
77 158 37
37 133 46
80 180 82
79 99 73
46 62 3
15 70 44
60 82 48
68 136 93
14 71 43
43 87 20
82 161 80
92 105 59
35 66 58
27 125 61
81 168 85
99 186 43
66 105 69
47 82 89
66 133 73
91 120 73
44 129 69
90 149 1
24 43 74
50 141 82
15 30 1
96 186 63
87 96 94
72 123 90
40 102 44
48 76 46
77 121 86
23 62 55
18 63 78
92 177 13
4 12 56
2 87 10
88 115 3
32 108 25
26 28 94
95 171 73
9 21 18
80 140 9
59 79 44
81 179 58
77 172 28
19 49 83
65 164 3
45 145 51
56 67 33
53 64 50
22 23 28
52 77 51
30 50 65
67 121 31
38 80 48
83 163 16
81 135 45
50 77 26
17 32 93
87 129 90
43 121 97
67 138 37
19 98 38
32 126 85
24 120 68
11 103 47
12 14 32
13 85 88
25 106 58
4 40 67
67 138 24
1 70 90
29 118 46
43 104 44
34 72 70
33 43 69
76 130 94
92 176 15
81 148 8
31 56 66
57 102 98
60 123 12
87 150 20
92 107 80
28 97 92
66 85 5
3 40 32
78 98 9
49 86 16
18 57 59
12 36 100
36 85 40
98 188 54
66 73 91
55 111 46
30 66 36
60 91 86
55 99 87
98 113 42
40 44 50
25 116 58
8 28 31
58 73 77
12 67 35
20 29 44
22 81 84
59 88 44
10 86 69
61 75 99
84 112 59
32 81 95
96 122 12
90 126 55
62 69 81
89 90 96
98 161 19
92 94 60
82 127 66
94 114 22
95 110 37
44 89 71
2 64 60
54 107 45
58 151 59
40 106 81
70 105 36
93 146 83
65 116 93
65 107 82
30 101 57
59 73 23
33 60 54
55 118 2
35 134 25
32 128 22
95 101 88
48 148 55
59 125 37
34 44 24
57 142 48
60 85 18
51 54 95
19 58 13
53 136 98
46 71 92
33 48 7
69 73 32
59 123 5
68 153 38
27 107 11
19 46 5
95 172 51
24 74 42
4 100 64
12 77 79
58 79 41
91 117 60
38 137 79
36 120 65
86 135 86
75 135 44
72 107 73
60 119 18
90 95 98
60 79 58
42 103 96
16 96 71
26 92 25
13 107 68
59 84 27
43 112 90
77 117 74
25 95 53
80 104 88
13 20 69
92 168 67
93 189 50
7 10 16
5 68 89
87 150 51
73 114 90
90 174 84
67 109 43
4 26 91
67 155 96
10 50 60
3 76 95
36 126 44
45 80 61
63 66 21
72 78 60
91 188 66
75 113 41
87 108 100
31 54 11
19 42 15
84 122 66
56 86 13
96 189 92
5 68 23
13 87 59
71 133 38
50 86 8
28 30 69
35 132 3
59 150 50
39 126 65
27 28 87
44 120 77
78 96 30
38 100 85
57 88 63
79 133 85
26 60 4
38 103 26
76 130 10
13 63 66
37 136 6
21 57 47
0 60 9
35 74 15
52 136 14
38 49 51
70 116 2
91 139 32
18 70 12
61 130 66
53 138 69
43 79 5
53 112 8
96 160 41
40 61 74
26 55 95
73 104 74
83 97 24
23 77 8
16 26 39
76 113 45
80 104 59
61 143 99
58 104 40
95 116 28
5 39 78
79 128 66
94 178 97
80 89 40
59 102 95
90 167 23
56 112 27
85 150 11
88 174 22
29 43 37
44 116 66
81 126 89
14 17 19
34 76 77
33 118 98
37 99 3
59 73 4
80 86 100
81 154 9
58 93 100
37 107 25
36 44 89
32 79 100
34 66 76
62 114 25
89 142 43
58 147 3
65 81 76
1 79 84
89 117 46
3 80 52
74 162 75
52 63 92
90 186 56
17 112 24
95 152 64
79 157 85
70 77 15
78 98 68
26 48 24
7 35 96
44 52 58
2 31 53
79 110 23
87 113 76
43 47 84
53 99 15
15 104 43
67 140 64
88 90 80
53 98 9
10 89 75
46 67 93
56 68 68
57 84 7
90 173 83
23 119 23
40 58 5
34 121 86
23 65 20
14 35 12
34 55 5
71 150 88
75 126 65
17 48 57
97 110 13
49 60 48
92 114 67
97 102 62
88 92 9
62 150 48
76 141 4
9 58 25
4 80 85
11 97 66
33 62 60
14 42 66
25 117 93
53 140 86
54 132 34
59 113 82
32 71 21
68 117 21
6 55 10
68 158 61
75 148 48
67 149 68
36 86 27
58 80 99
93 139 16
87 138 60
40 111 96
30 86 11
53 71 3
35 65 49
30 31 83
98 179 11
10 78 32
10 91 14
1 26 2
86 125 8
73 138 53
33 85 28
39 43 83
88 94 42
66 73 13
56 103 16
20 38 35
74 91 5
88 185 23
95 114 43
92 105 76
13 43 90
5 15 83
58 137 85
57 100 36
63 139 100
79 143 36
69 168 10
86 89 28
67 167 40
23 44 42
87 99 85
51 112 29
69 138 8
87 158 97
6 76 66
95 182 58
73 139 1
42 50 23
16 32 7
57 122 61
17 34 36
59 71 16
45 63 79
82 159 1
26 60 42
82 93 84
37 90 31
23 40 9
36 101 20
29 54 59
62 105 96
50 100 7
35 83 25
39 108 37
30 47 41
12 68 11
50 51 72
83 98 48
11 67 9
91 131 82
91 96 30
88 117 40
96 104 4
25 39 47
88 139 37
81 138 34
52 128 64
38 71 1
24 32 40
4 85 21
23 123 73
33 63 31
63 90 14
8 26 97
12 44 30
47 140 22
73 130 34
4 32 57
73 151 39
58 61 42
75 118 4
22 61 88
47 105 46
73 89 72
7 104 70
49 81 45
70 160 97
10 31 75
1 33 27
4 95 1
58 136 2
90 119 89
64 90 6
93 150 74
3 34 27
1 14 26
51 64 44
85 171 2
58 102 39
22 105 88
97 99 22
53 57 17
66 119 70
12 93 1
91 133 57
47 66 60
93 140 52
24 119 34
96 144 88
59 140 96
58 142 56
42 64 81
36 89 13
77 128 43
0 62 99
15 67 28
31 67 54
68 150 21
92 142 89
95 172 18
37 93 90
8 28 6
53 117 49
65 73 30
35 92 19
57 120 96
36 115 93
20 111 21
49 126 86
53 125 42
79 85 34
61 86 71
71 96 1
45 62 9
30 61 49
27 100 67
18 70 23
32 36 58
49 119 94
83 132 78
51 85 74
3 86 60
14 48 58
30 103 47
50 111 51
57 94 43
31 107 55
97 167 90
46 75 75
27 35 15
29 51 33
4 60 70
50 85 73
49 112 48
48 100 49
66 141 75
12 22 69
25 52 58
10 75 26
61 87 84
54 83 22
92 165 93
11 16 97
69 71 26
77 177 9
31 102 63
99 181 53
4 26 72
35 133 54
59 66 95
15 25 36
42 83 9
69 101 7
6 31 66
42 102 77
71 151 16
6 54 29
74 95 52
88 111 69
15 97 89
47 64 87
60 98 45
89 165 26
68 126 11
35 114 59
50 140 46
27 62 27
50 77 2
36 64 44
1 12 44
79 101 78
64 156 81
60 86 17
70 161 32
50 60 45
52 139 50
9 53 52
84 110 92
0 83 24
18 79 25
71 158 95
96 161 86
7 69 57
66 134 79
56 153 52
70 102 47
2 16 17
56 136 63
72 99 72
92 103 91
33 90 22
4 51 79
28 100 21
16 114 76
31 121 78
51 82 18
17 103 30
58 152 85
15 115 86
46 50 90
1 12 77
40 52 70
65 70 53
50 83 86
8 28 64
92 140 10
53 129 22
52 104 74
82 174 44
80 83 60
79 139 49
34 90 2
30 115 9
16 47 91
77 149 77
95 176 16
19 20 52
24 64 25
13 70 42
81 157 65
71 111 8
8 55 51
48 59 53
98 173 88
68 160 50
2 89 72
65 107 94
34 126 55
19 105 48
52 76 16
3 47 43
68 122 75
36 120 7
43 135 20
1 87 68
54 105 84
20 71 41
0 30 91
55 111 91
78 171 81
99 195 60
86 112 91
94 133 31
47 112 42
75 98 94
65 76 2
50 108 85
89 103 24
90 163 39
83 115 57
36 63 48
35 107 82
51 95 73
96 125 81
84 140 71
24 80 14
46 133 53
16 71 77
33 103 50
32 104 66
78 126 42
17 99 95
63 78 97
25 29 29
74 80 18
14 61 33
22 43 1
88 128 82
0 95 24
24 63 72
68 70 44
78 91 65
62 119 85
55 129 93
34 81 48
34 106 10
86 106 24
97 192 100
73 129 69
24 93 63
53 117 29
28 96 23
28 86 91
21 66 9
13 60 31
22 67 4
89 95 27
17 112 87
56 109 14
23 29 71
84 173 54
38 66 2
5 101 63
34 104 43
4 29 21
8 35 49
97 182 30
24 72 99
50 88 29
41 128 9
83 95 87
91 112 4
17 35 90
64 122 45
70 80 77
55 103 70
71 103 79
46 53 10
52 66 80
3 60 25
46 78 24
48 99 14
96 167 55
23 84 87
38 59 59
0 45 83
45 125 5
73 168 24
48 138 34
19 98 9
85 162 25
22 79 22
65 69 11
67 154 16
93 123 49
76 146 75
85 146 19
83 178 73
23 33 48
42 126 76
79 172 96
69 70 1
34 84 68
81 139 12
25 84 37
80 122 6
87 107 90
29 76 70
36 55 20
31 55 21
45 56 50
71 98 60
98 177 11
81 125 67
19 20 80
15 57 9
73 85 52
3 82 87
46 107 96
9 92 14
64 103 4
20 110 66
5 48 78
99 119 86
38 75 59
44 53 80
13 39 50
65 157 23
38 85 26
69 133 15
2 30 35
56 122 37
66 89 18
78 90 69
61 66 100
54 134 51
52 126 84
86 87 46
89 111 87
26 34 76
11 69 30
54 88 20
84 100 78
81 84 73
55 87 85
71 143 4
22 101 28
61 145 77
87 166 39
34 50 46
8 13 8
30 88 25
85 100 32
17 63 69
28 100 50
19 65 74
9 19 79
84 174 17
70 137 11
47 57 8
43 52 26
2 39 58
72 112 47
25 56 87
67 158 27
39 61 34
94 114 27
18 56 17
86 180 48
46 75 35
76 84 33
66 152 98
62 77 51
66 132 38
73 103 39
10 53 29
19 20 91
17 107 52
97 197 95
73 76 42
58 76 46
90 179 96
5 68 69
9 55 46
68 135 50
94 146 6
10 93 33
17 84 64
39 116 64
15 33 68
91 110 36
25 71 18
73 118 4
9 37 66
51 148 69
26 44 100
57 145 8
89 148 60
88 161 32
9 12 95
76 92 80
87 107 87
16 43 67
28 114 91
2 67 62
39 61 9
78 145 38
24 25 67
62 101 24
25 116 7
12 96 34
70 140 70
44 77 62
7 86 85
74 151 23
52 128 72
16 46 35
79 163 93
87 171 9
67 155 70
28 96 4
66 140 60
13 41 80
99 106 31
19 55 12
99 194 87
65 120 24
59 147 89
38 114 95
90 139 74
65 139 45
24 53 100
33 133 53
7 31 88
5 23 9
17 72 22
95 107 11
62 74 82
80 92 51
89 184 75
42 68 37
37 108 70
71 131 12
77 91 43
5 10 64
79 81 100
5 98 85
17 21 35
25 70 71
72 121 67
43 91 68
2 55 9
7 93 61
60 101 23
20 88 85
86 154 49
1 86 73
73 136 86
44 83 44
75 143 26
48 147 93
98 164 33
5 14 60
26 49 21
45 70 58
4 55 45
7 73 47
5 19 84
36 48 74
39 78 40
26 51 10
52 116 58
89 106 97
2 48 23
90 101 45
22 88 35
15 92 26
64 80 18
78 178 44
54 57 88
99 183 73
45 62 91
30 61 73
69 70 94
74 81 13
46 54 38
67 136 9
76 79 72
16 41 11
89 120 85
62 119 1
91 114 71
56 119 55
87 136 21
21 121 98
63 116 5
96 180 84
99 120 42
66 108 58
59 118 49
74 171 59
32 84 37
93 138 23
1 100 83
11 56 65
12 20 28
1 2 14
76 79 84
48 141 41
6 41 86
4 38 84
17 72 90
19 45 61
66 76 92
96 119 8
69 146 39
79 175 82
87 168 12
58 127 77
19 90 79
47 59 47
12 33 86
94 177 52
87 120 83
42 139 51
64 138 41
13 17 11
51 110 32
31 76 54
53 133 60
86 184 5
36 121 1
17 92 62
96 162 26
4 98 49
0 94 15
58 63 76
76 108 63
93 104 38
36 80 91
45 102 30
36 118 37
72 163 8
86 119 58
31 87 65
87 144 64
85 135 90
98 166 21
99 158 58
27 53 63
70 140 76
70 161 58
34 127 89
26 125 40
55 99 88
38 63 92
77 167 90
14 84 98
32 65 82
6 87 95
9 81 1
36 94 49
95 166 64
67 115 24
65 92 83
72 153 18
4 19 49
54 82 57
28 122 3
11 94 30
68 168 45
62 80 8
6 55 7
98 119 19
82 153 34
15 37 23
46 108 2
35 108 62
85 89 97
67 94 48
74 152 55
75 170 28
63 80 48
36 105 86
41 138 84
91 125 19
39 84 21
81 140 56
86 179 57
91 123 24
14 73 93
80 143 65
83 171 41
33 73 83
25 97 99
50 55 34
86 106 2
38 75 75
0 83 75
29 66 58
68 80 66
40 101 60
11 40 55
5 65 11
11 16 34
5 82 59
8 74 80
45 93 46
97 188 50
76 128 47
0 56 80
73 170 68
23 47 83
2 60 54
92 158 43
60 140 66
97 113 53
51 53 15
93 133 48
16 108 85
61 119 94
83 143 34
21 119 2
10 74 3
3 40 89
84 162 5
64 158 43
42 46 35
79 100 43
30 129 38
58 150 26
19 107 16
2 37 72
34 88 78
78 147 37
82 105 56
15 33 89
12 84 62
81 177 83
89 106 29
22 47 45
52 116 29
70 96 64
0 71 4
27 71 24
17 106 42
22 107 26
79 119 7
65 162 51
30 40 40
29 97 56
82 146 85
58 147 27
36 63 81
46 111 5
54 152 20
39 80 77
93 117 95
44 56 83
14 106 35
53 101 63
82 120 42
90 190 12
27 94 30
39 97 53
5 34 66
2 15 2
52 114 23
88 106 18
84 101 20
95 120 55
70 165 99
92 189 10
56 82 13
16 39 3
15 39 62
34 35 53
55 98 32
64 113 41
26 59 60
49 126 11
59 75 75
63 93 33
88 174 82
77 155 7
9 53 48
91 165 76
22 54 81
90 136 58
7 56 53
78 101 64
40 101 94
20 53 24
37 91 53
33 49 75
65 126 73
82 116 82
21 48 42
21 85 6
28 66 96
60 75 91
59 116 61
58 138 67
51 115 93
63 149 34
1 3 44
80 122 76
3 76 33
40 96 85
44 128 40
95 99 8
34 113 49
90 126 92
72 98 50
18 19 27
93 132 14
5 15 13
51 70 33
0 44 49
9 60 96
5 89 72
96 122 35
60 126 28
65 118 63
44 86 47
88 108 56
46 142 4
93 167 16
67 117 95
5 53 36
60 110 90
46 80 27
63 67 62
68 142 80
47 54 77
71 133 93
44 102 57
45 136 93
99 171 19
48 77 8
81 107 42
37 118 81
78 163 54
45 55 67
14 91 47
7 84 79
44 54 43
15 45 50
83 122 71
40 52 61
12 22 14
31 32 76
94 151 22
35 94 98
39 52 77
36 49 32
92 128 100
53 79 6
54 71 87
15 109 88
74 129 83
58 102 30
4 48 45
78 141 35
91 164 65
65 164 33
58 74 83
31 122 35
66 79 61
5 64 60
9 37 72
89 114 85
72 160 31
5 82 56
18 73 20
93 179 53
55 148 15
30 90 73
68 140 24
80 140 70
63 158 19
52 132 11
76 121 45
41 76 46
47 130 4
67 139 80
67 144 90
87 178 27
62 138 92
88 155 40
73 145 47
16 41 23
40 49 90
13 56 95
55 120 39
83 156 38
90 177 30
34 110 18
18 87 69
44 118 6
69 129 85
29 89 53
95 177 88
35 52 42
34 115 40
17 93 16
42 130 90
33 104 36
13 112 29
79 152 20
74 161 78
80 116 86
65 134 3
62 88 57
28 94 34
53 94 57
96 130 64
13 65 63
77 146 92
23 38 9
4 21 81
68 116 90
46 94 30
10 73 92
16 103 42
16 104 39
91 141 92
62 97 26
33 93 16
23 61 81
35 99 25
51 121 58
9 80 19
57 156 93
19 98 14
50 78 52
23 99 12
24 103 34
75 153 12
54 95 75
34 35 85
63 65 32
66 150 30
64 79 78
17 70 66
42 108 64
86 153 75
85 160 34
35 107 63
42 75 14
15 64 25
7 83 54
59 110 84
69 112 15
6 14 74
75 143 84
66 80 8
92 144 63
70 100 53
14 67 16
12 94 74
9 36 2
22 76 18
94 191 40
67 145 35
84 124 38
34 124 55
1 71 19
63 162 65
74 87 18
68 70 25
26 82 95
44 85 94
46 102 2
64 86 71
8 40 85
94 125 63
93 129 68
9 106 22
39 60 19
38 116 40
56 57 33
79 121 39
53 68 26
54 136 38
63 105 28
72 84 80
98 154 58
59 61 18
81 164 9
6 51 13
77 113 92
19 71 46
32 126 7
43 106 27
35 77 7
22 114 66
24 70 42
1 49 77
73 161 99
10 64 58
36 50 79
22 62 99
90 162 82
27 90 44
84 95 48
12 78 45
56 108 57
37 112 80
18 51 4
71 155 84
57 112 19
20 47 48
80 169 72
99 186 30
6 70 49
67 133 69
20 100 49
68 115 55
55 90 7
14 17 60
67 120 35
69 141 52
68 164 82
49 123 3
6 78 6
93 132 33
57 113 24
94 116 80
56 70 27
58 98 14
42 88 40
79 86 43
9 71 82
96 156 60
83 140 79
81 145 20
25 40 4
94 189 16
23 41 96
74 96 12
77 141 61
36 60 77
62 108 35
6 71 26
22 46 47
4 9 80
61 90 7
76 148 18
5 51 2
56 59 81
66 152 90
67 159 13
14 103 23
93 159 39
26 94 22
84 160 45
14 61 3
49 55 24
20 97 89
48 56 28
99 107 35
67 133 21
71 166 66
7 79 64
82 152 55
83 149 33
88 187 63
60 84 70
37 88 45
7 48 85
5 76 84
77 100 99
47 120 90
81 110 97
67 123 94
51 128 23
86 138 83
23 122 71
83 180 4
50 88 18
48 50 26
45 131 20
64 119 7
18 107 74
58 143 23
65 141 76
45 90 92
50 72 96
13 107 8
94 138 55
49 73 57
47 52 98
46 66 54
6 9 91
73 173 73
26 29 45
30 34 29
99 193 33
53 123 64
31 82 65
4 64 71
65 82 75
44 106 79
97 122 45
43 128 92
86 136 83
86 156 25
51 102 98
40 115 7
38 68 30
32 82 44
28 74 67
20 31 53
58 156 73
51 66 31
76 148 23
6 25 59
56 89 62
58 148 64
64 124 52
37 82 87
85 113 75
78 155 18
39 129 23
82 108 14
33 127 23
28 60 72
59 65 78
18 49 1
7 95 62
94 176 86
46 114 25
69 95 66
5 67 30
54 94 42
75 89 18
10 25 7
30 31 81
60 93 79
70 160 49
56 134 55
23 32 10
91 191 22
12 111 39
50 135 29
56 101 24
73 155 89
96 187 83
28 79 81
4 61 30
12 71 54
97 152 56
54 62 28
77 121 97
25 77 36
92 102 43
69 162 76
6 50 13
67 87 93
48 120 43
84 128 15
44 56 54
99 151 72
50 118 40
22 39 66
95 184 83
56 137 82
99 145 30
75 166 26
25 65 45
22 85 40
44 123 48
57 94 95
17 97 49
97 193 96
24 105 100
17 110 4
66 118 17
9 49 30
18 112 58
67 118 6
32 113 10
36 50 89
71 125 62
58 150 13
91 93 50
60 125 3
51 62 85
8 18 9
71 155 13
91 114 38
43 52 72
35 36 6
33 82 30
13 55 38
18 24 43
25 113 8
43 88 56
77 157 17
85 168 73
59 84 19
88 125 95
23 56 45
14 91 64
21 116 67
91 115 5
78 84 4
17 45 28
41 55 30
18 49 91
63 157 37
31 62 21
38 63 63
12 52 17
78 150 35
84 137 1
52 84 16
86 134 21
89 172 80
91 130 94
19 96 32
95 126 16
23 89 89
69 110 73
64 125 79
10 43 97
46 79 29
78 85 80
84 172 30
18 36 27
42 107 16
88 126 23
53 107 67
91 113 25
31 87 65
31 105 36
42 128 63
27 99 42
78 119 15
3 23 2
39 79 20
44 82 39
91 189 62
5 65 27
54 145 42
63 158 67
49 117 26
65 105 85
17 102 93
95 99 21
91 139 19
8 62 25
98 116 100
85 132 37
52 132 20
10 55 58
90 98 6
20 90 65
92 114 16
10 17 43
53 151 14
66 139 100
51 96 70
50 146 80
69 166 77
17 37 37
6 8 85
84 171 37
13 61 51
28 61 66
4 29 46
78 120 13
67 122 2
37 70 21
89 130 78
50 127 45
71 82 61
55 116 64
59 111 16
1 72 30
63 124 93
90 93 1
39 114 18
51 148 43
49 98 87
87 158 52
26 52 20
69 132 16
66 121 86
87 128 52
66 81 91
83 157 47
97 176 15
96 161 85
27 111 17
41 49 64
40 90 95
95 191 53
8 33 64
7 66 43
63 81 76
93 134 75
8 99 27
69 118 31
51 107 56
0 79 49
86 146 80
78 86 83
34 127 79
95 161 17
53 77 35
50 144 56
50 136 84
22 103 78
35 83 68
27 83 23
23 96 17
84 176 13
69 84 5
12 65 73
54 111 28
46 85 51
40 81 31
64 71 5
76 82 37
13 92 60
24 101 12
50 76 71
85 155 94
84 176 50
86 101 2
62 154 29
46 102 5
40 87 68
96 187 55
94 131 15
49 147 81
38 96 46
56 77 61
48 67 100
69 152 13
7 74 77
38 79 56
82 132 56
25 124 78
47 85 80
1 24 54
64 131 78
10 49 52
12 92 65
56 152 3
49 111 38
25 91 76
62 108 46
58 155 36
69 168 17
82 107 61
91 121 69
83 120 42
48 126 33
48 108 73
77 174 99
3 61 4
93 128 35
7 36 14
56 125 98
98 142 10
55 77 40
85 142 50
11 24 49
77 147 4
19 93 73
40 91 9
15 18 100
64 94 19
86 155 32
64 85 70
10 12 42
67 152 26
98 187 15
68 75 26
26 97 63
60 129 22
29 103 19
68 70 17
50 145 89
89 130 36
87 92 97
67 165 45
36 90 54
55 82 53
13 69 14
94 134 73
69 155 59
78 91 69
10 73 11
42 104 39
77 100 95
94 157 72
72 80 24
74 76 99
98 101 10
44 137 77
38 132 21
13 91 40
43 90 91
39 131 28
22 71 81
52 119 5
83 120 10
87 143 24
54 129 35
7 96 17
4 76 23
56 105 42
27 48 89
42 140 100
35 97 19
19 70 53
45 51 16
63 106 99
62 134 89
42 118 7
27 127 70
15 33 62
97 138 97
25 96 98
91 161 2
35 54 100
87 120 33
90 181 68
19 26 54
32 48 39
63 108 25
61 85 1
70 157 60
55 147 79
91 145 13
65 124 87
90 159 19
76 157 78
41 128 62
68 89 90
51 119 6
21 29 95
73 108 14
53 101 3
21 49 86
64 145 44
12 58 42
86 135 95
83 153 32
41 129 13
10 14 81
12 35 94
31 106 81
46 53 19
20 25 94
63 129 30
19 88 54
42 142 74
45 65 71
88 129 100
46 73 34
64 119 75
88 156 14
68 153 19
33 114 11
10 107 45
23 72 90
80 158 16
37 86 62
64 127 11
64 79 83
70 110 31
21 106 70
64 121 39
81 162 63
23 54 40
25 98 71
49 112 95
98 191 68
33 110 69
1 93 29
63 154 21
97 129 30
83 124 100
5 57 92
19 97 57
3 64 46
53 106 85
86 129 39
34 131 31
81 141 78
84 172 95
42 87 16
77 120 31
54 100 36
26 44 100
18 113 14
1 101 6
71 77 7
36 57 70
80 157 99
69 123 50
22 105 1
70 103 84
41 123 42
26 70 21
4 61 86
62 84 83
68 82 61
93 162 74
33 67 81
24 78 31
88 133 16
72 118 66
22 68 61
89 102 6
49 95 41
50 113 36
17 60 56
33 100 36
77 163 84
65 158 5
18 30 33
79 128 20
99 123 100
88 145 30
35 83 5
37 78 83
97 147 32
82 164 78
59 151 6
3 56 19
19 21 16
14 102 95
60 129 87
6 63 39
17 115 28
52 137 97
46 77 12
1 81 6
58 112 18
9 39 32
68 104 99
23 118 58
71 148 9
27 113 1
96 162 41
78 82 56
50 85 97
52 147 67
55 124 6
57 151 98
23 58 10
89 150 79
12 108 16
37 132 88
65 133 90
8 56 93
7 77 26
91 151 96
99 109 94
83 162 37
99 123 57
27 65 25
14 100 30
88 132 67
0 35 2
20 58 84
47 101 41
30 58 16
51 75 19
53 142 82
10 83 20
32 50 39
15 80 44
74 164 89
70 97 35
41 52 36
1 88 62
68 137 46
1 48 100
21 82 7
9 82 70
43 88 84
92 109 84
88 129 85
31 96 31
50 73 88
31 68 42
61 105 39
93 117 50
27 69 92
91 125 8
73 164 40
91 100 96
16 107 14
65 76 98
30 121 26
38 65 22
87 108 74
79 133 36
36 116 69
39 131 97
45 72 88
70 81 33
55 92 76
27 70 54
66 156 45
14 74 14
31 76 76
75 164 24
40 69 40
86 118 15
12 77 32
62 143 33
29 97 81
37 106 63
60 93 31
39 121 47
1 74 70
27 54 84
28 86 49
50 128 96
69 164 90
49 144 56
16 70 33
51 131 85
60 141 68
87 147 98
33 56 51
77 147 7
51 117 53
99 100 89
21 83 99
86 160 6
98 105 22
12 68 19
29 81 26
32 131 14
29 79 93
98 102 75
39 86 70
36 125 28
21 73 62
81 176 64
5 28 25
50 104 11
26 89 9
84 111 27
26 98 57
64 71 83
91 103 15
3 33 24
80 85 31
73 104 15
9 35 83
86 90 77
89 184 94
7 42 62
1 24 4
1 2 43
75 82 20
94 110 33
40 78 37
13 34 53
19 85 96
28 86 40
44 135 61
65 110 92
74 104 7
53 99 27
21 33 45
10 44 90
82 112 13
27 77 5
45 86 95
37 114 77
72 100 27
82 122 47
87 117 73
44 82 11
87 187 88
90 151 71
44 84 15
48 91 26
46 91 49
51 144 24
28 65 62
88 114 33
46 101 2
60 125 54
39 57 2
63 153 2
83 118 74
29 82 91
82 157 95
21 56 100
57 101 11
25 81 21
26 93 41
17 78 6
31 62 92
38 116 52
57 148 34
10 21 34
92 182 33
44 112 27
53 85 29
0 21 64
46 101 49
70 117 38
70 130 64
38 129 47
93 124 10
14 29 99
51 145 6
9 26 90
1 19 66
39 110 91
16 111 52
49 66 28
95 125 85
56 123 70
59 100 98
5 33 13
11 95 76
88 185 38
57 100 47
9 79 41
18 109 89
25 66 48
5 27 26
19 54 7
3 43 52
24 116 20
65 72 75
71 98 32
0 51 50
94 182 59
17 23 2
24 79 39
31 119 5
89 112 29
24 43 3
15 41 72
29 63 17
94 112 40
73 171 88
4 12 16
1 22 83
26 114 36
19 87 52
45 122 3
82 126 59
84 116 64
21 94 84
38 71 58
55 76 68
6 42 62
54 58 12
55 135 85
3 75 92
0 9 82
33 94 83
92 117 45
11 18 65
99 162 44
85 148 69
60 101 19
72 133 32
91 93 44
60 99 92
29 100 44
42 97 5
32 115 9
62 96 29
72 122 61
54 110 92
95 176 1
93 160 100
23 123 12
39 48 99
24 81 10
88 144 10
38 51 82
58 82 29
93 126 82
73 146 72
87 114 11
35 81 83
41 42 51
12 48 18
50 79 31
37 76 77
99 129 81
49 53 78
72 86 63
6 48 88
66 123 84
50 87 35
97 183 92
11 58 92
58 139 86
59 145 53
41 78 73
43 132 25
94 139 29
47 144 91
81 177 79
58 121 75
37 93 23
24 89 16
59 64 18
38 84 75
48 59 86
27 77 39
10 44 44
71 102 41
61 118 28
46 100 66
48 133 26
60 155 64
37 83 73
55 60 70
26 121 88
14 94 65
36 78 71
22 104 46
15 114 96
20 57 76
90 135 67
18 114 13
59 73 74
24 70 84
95 136 65
62 65 62
86 128 4
71 80 66
68 132 27
39 87 63
56 140 62
64 77 35
92 120 88
66 136 47
31 94 10
31 79 51
86 94 52
0 92 10
96 131 97
56 129 53
9 37 56
5 8 41
41 80 65
69 114 80
87 132 23
67 68 23
52 152 75
59 134 75
20 109 19
28 47 38
81 87 94
34 104 90
2 45 51
63 99 92
32 80 18
29 47 34
90 128 78
72 164 87
14 62 35
89 97 16
89 168 37
94 101 32
27 32 45
63 118 46
25 62 82
67 142 28
81 120 45
5 97 82
27 40 44
19 68 55
49 62 86
34 104 84
46 133 36
85 174 95
14 63 90
35 74 43
39 103 30
32 54 53
87 175 25
80 151 35
84 114 2
34 90 24
81 178 60
43 82 6
95 121 10
92 93 71
47 128 19
32 75 77
83 128 92
34 64 88
7 88 9
41 77 35
22 29 21
8 103 99
61 157 97
41 114 46
38 59 20
34 40 12
55 102 17
56 97 77
7 13 22
53 150 31
71 127 31
46 128 6
14 67 99
88 164 90
54 141 4
69 118 32
60 97 46
74 84 57
51 128 90
5 82 65
62 115 3
93 189 30
72 106 50
28 124 64
8 67 1
57 68 83
85 130 34
79 95 21
58 124 63
19 119 85
5 97 13
40 51 90
86 131 59
90 188 67
34 87 37
72 94 25
60 62 11
8 43 24
94 131 23
97 125 52
1 92 25
64 132 97
64 79 79
66 166 11
39 122 58
56 79 28
58 144 58
24 88 24
98 171 95
42 142 91
8 61 52
38 59 46
95 166 22
61 137 49
78 129 95
64 155 79
74 101 8
34 120 63
68 75 91
20 75 15
51 70 56
4 75 90
98 131 73
41 89 38
10 77 37
18 91 65
7 62 10
30 113 13
40 120 58
72 165 86
14 26 20
75 78 79
81 100 90
70 80 18
0 79 63
55 132 43
35 67 95
13 103 19
86 118 18
91 157 19
62 127 24
43 58 73
11 95 70
43 106 40
96 155 23
77 113 97
83 118 49
15 77 23
88 108 62
31 97 23
98 146 57
24 38 53
58 137 42
5 51 83
8 88 24
1 65 74
45 139 69
62 66 31
39 110 35
37 58 93
28 82 33
79 176 71
19 115 50
39 43 57
85 169 81
66 113 57
45 133 26
17 30 43
0 48 84
84 162 60
42 45 59
74 104 12
68 95 18
48 133 37
51 142 82
47 141 61
19 89 63
58 69 66
58 156 35
2 70 34
47 102 44
25 108 68
50 53 56
3 64 92
51 118 45
26 40 35
84 89 81
47 125 48
40 90 84
9 88 44
26 91 33
58 135 62
22 102 28
73 76 7
8 45 62
28 94 38
74 167 94
52 76 3
41 70 81
64 140 89
64 136 32
77 100 43
45 119 73
26 39 36
27 114 85
75 160 11
88 114 24
20 108 3
85 88 89
52 86 56
37 74 21
72 113 38
15 43 62
47 128 29
17 23 93
93 111 69
46 99 17
18 28 88
66 107 38
47 113 45
87 118 2
47 94 69
4 12 67
69 107 18
48 51 63
70 167 6
54 114 93
2 72 16
82 83 64
0 27 55
55 83 35
92 121 7
9 36 4
43 75 52
56 141 19
66 139 51
8 23 13
28 42 30
79 132 13
64 83 48
91 146 53
74 130 75
38 132 19
10 68 47
43 138 8
92 177 79
69 104 80
14 113 19
31 100 55
38 74 60
50 57 50
62 162 40
33 54 51
4 70 37
94 167 2
66 117 90
96 146 87
25 123 100
77 88 1
42 77 5
89 127 4
15 68 65
92 122 41
37 95 60
50 104 55
4 18 27
51 71 79
87 96 64
18 108 46
9 23 70
71 122 61
5 52 96
51 103 48
81 114 31
42 141 33
3 53 91
27 79 46
30 43 65
25 31 92
37 102 78
42 107 50
85 117 24
87 109 53
92 180 43
90 165 38
41 86 41
3 38 45
57 128 59
96 113 47
78 178 12
89 133 56
0 33 9
74 112 42
19 29 50
94 112 58
67 148 72
94 178 13
1 53 44
66 114 100
16 17 40
18 30 59
51 143 36
56 73 31
61 87 73
75 160 4
41 107 43
52 83 43
80 153 32
84 127 71
44 90 28
53 129 65
24 120 30
99 195 86
64 83 73
90 122 79
99 198 91
83 178 73
92 185 96
71 83 33
89 96 100
14 91 56
27 62 80
45 95 36
58 74 70
14 64 94
58 64 21
87 113 71
57 79 48
63 88 18
17 60 51
29 56 42
73 142 83
7 59 93
71 111 59
58 85 80
89 147 64
86 109 19
41 64 89
66 84 97
75 146 2
38 85 8
55 147 86
22 63 65
33 89 8
91 138 63
99 131 77
3 72 92
49 85 31
36 91 74
83 111 18
19 76 81
76 99 89
16 22 81
74 134 38
7 40 71
46 91 38
97 123 84
27 93 7
23 113 79
73 92 34
72 86 35
74 168 59
43 54 81
83 93 84
50 106 52
72 162 96
42 98 67
5 54 66
15 79 45
34 133 27
78 154 71
55 100 75
80 98 73
41 89 10
59 108 5
38 67 18
80 148 18
57 133 45
90 165 28
90 102 24
52 53 81
37 104 92
98 143 2
69 139 58
12 102 14
0 31 48
57 130 47
16 19 1
97 171 91
30 70 71
48 80 99
57 91 11
0 2 59
85 91 62
45 132 49
33 112 20
58 132 64
50 80 90
83 104 57
61 90 66
4 36 96
19 42 99
49 146 93
73 131 17
11 53 82
32 40 1
8 51 99
69 139 26
35 58 74
87 174 41
47 110 47
29 83 26
75 162 20
82 109 73
96 194 92
75 145 79
21 41 23
76 167 4
80 119 74
71 161 33
49 139 56
3 12 65
0 50 35
78 95 72
1 43 82
53 67 86
35 42 78
52 93 59
64 151 44
25 41 85
53 54 13
17 59 95
56 106 34
29 80 7
7 25 47
31 46 68
86 171 67
7 80 78
61 153 79
8 100 27
4 46 88
9 101 37
9 47 53
94 156 65
95 113 45
82 168 98
69 142 98
51 92 49
6 95 100
87 131 91
51 140 39
3 25 16
79 129 15
78 80 10
58 86 98
20 70 8
98 151 85
19 34 84
41 84 44
51 109 100
20 100 65
29 37 6
65 70 52
69 135 63
70 148 54
96 137 84
51 116 34
69 83 90
97 138 95
57 81 50
75 154 28
21 112 60
4 40 74
15 103 13
97 108 14
26 34 96
97 148 54
17 91 33
18 48 92
26 110 91
89 128 58
97 100 37
40 57 29
93 137 14
55 105 28
96 121 37
74 133 12
40 45 63
95 110 62
39 131 13
11 51 7
10 26 48
69 168 51
86 120 84
34 103 61
69 128 2
68 117 17
96 180 78
99 127 44
82 119 77
10 41 87
13 64 55
61 150 83
85 99 16
1 99 34
80 102 64
63 129 2
80 165 15
39 43 84
52 77 69
6 14 31
78 104 64
41 99 48
77 89 90
13 107 58
12 15 80
38 131 50
27 82 47
21 104 22
20 64 81
48 113 15
40 78 35
28 32 51
82 92 54
95 156 22
25 63 52
48 73 13
80 102 98
85 115 18
16 62 65
41 115 14
86 117 5
34 69 91
28 116 88
68 74 52
4 43 36
12 110 39
32 66 8
67 86 97
37 72 52
29 83 98
93 142 60
37 125 71
72 133 90
82 166 19
80 82 62
51 99 89
24 115 78
92 109 95
29 66 63
2 42 8
77 130 63
5 83 24
35 104 79
17 42 20
67 156 91
99 137 86
53 105 25
51 119 47
64 147 45
89 94 61
25 116 61
30 57 92
78 91 83
8 69 63
27 124 94
86 139 69
18 82 65
50 150 98
33 91 63
48 138 83
24 64 49
31 87 47
14 31 54
39 44 15
12 55 84
67 75 1
78 140 93
82 173 18
18 111 8
96 172 25
65 66 33
85 170 33
22 75 79
30 85 91
12 99 5
54 140 11
19 83 3
53 54 18
49 109 75
92 99 64
23 53 65
31 74 10
58 154 34
73 124 63
97 146 95
57 94 98
23 106 92
45 140 29
42 108 28
25 80 74
53 120 19
35 90 80
17 57 83
75 135 42
22 38 75
77 97 72
98 183 59
58 129 28
30 77 63
61 144 68
66 122 57
82 154 9
67 104 14
63 142 90
37 57 43
7 98 70
6 101 89
90 149 50
32 131 34
84 128 27
79 101 75
38 75 59
27 113 20
37 52 98
36 129 76
68 147 5
60 73 89
64 123 13
22 61 67
28 108 34
30 127 68
7 106 3
32 40 62
52 79 24
41 99 41
40 113 52
57 81 49
82 95 93
97 160 29
26 49 72
25 39 56
74 131 29
14 66 38
3 34 90
43 122 77
63 89 18
37 75 26
64 126 100
70 101 6
19 63 34
50 92 87
72 78 33
27 29 72
85 92 85
58 74 17
86 184 32
19 100 70
97 162 55
74 135 20
71 74 36
34 82 62
24 32 36
81 145 21
30 35 53
72 122 77
7 52 4
35 45 64
88 182 85
47 147 61
31 118 78
71 91 36
83 151 43
71 141 47
87 90 4
25 118 55
39 65 74
98 195 87
49 98 86
97 115 48
5 26 38
0 40 38
47 88 15
36 70 3
47 121 76
79 84 59
57 130 58
85 173 28
18 21 24
55 139 74
97 124 46
7 38 29
2 51 43
42 123 5
19 81 84
38 99 23
24 112 69
59 147 80
88 92 70
80 96 48
79 112 24
37 68 29
22 97 45
67 149 78
85 165 83
27 99 94
69 156 13
60 108 55
93 142 31
34 100 83
25 86 33
39 132 53
18 50 51
35 84 28
71 169 17
50 140 25
82 128 47
20 69 63
47 113 29
4 22 53
41 104 38
67 106 98
8 12 96
96 193 72
42 142 10
30 86 9
11 105 78
31 77 86
76 108 98
21 29 63
66 124 51
2 50 16
86 182 3
49 76 8
93 122 27
24 27 9
8 10 27
50 69 19
55 135 48
49 145 71
42 74 10
73 90 81
64 117 80
5 44 9
95 192 39
84 106 51
15 35 41
21 43 35
3 67 68
35 70 28
26 93 10
99 193 17
55 148 67
27 69 84
73 137 50
48 138 48
50 88 4
91 150 1
52 62 57
58 154 86
5 67 68
32 42 26
90 177 28
76 155 13
84 165 28
25 68 39
12 73 43
24 76 96
4 15 55
39 99 79
51 97 45
40 57 90
13 32 78
6 46 86
8 31 98
56 148 49
24 62 82
71 99 52
98 188 65
68 70 74
30 87 1
87 106 63
23 27 14
86 105 99
40 137 54
89 153 10
90 157 49
87 97 74
39 96 34
11 79 29
24 76 17
16 82 24
65 83 83
22 113 57
16 105 15
44 60 50
98 144 56
96 147 49
37 119 75
69 82 79
5 14 20
32 79 34
3 72 40
67 83 9
3 25 13
65 119 14
80 97 8
5 93 75
97 164 61
43 82 80
42 134 47
27 50 77
82 152 35
72 98 95
4 89 37
69 87 70
92 156 19
75 89 17
13 106 43
58 116 97
77 175 64
68 90 86
17 117 55
97 151 98
55 61 76
47 65 68
76 141 73
54 146 21
16 96 71
78 85 42
58 146 79
68 89 67
47 55 21
2 81 89
76 150 49
84 127 72
3 48 81
14 84 31
25 28 65
14 80 17
74 161 10
17 59 93
41 59 29
83 171 6
92 161 77
74 132 85
23 84 22
79 126 28
31 124 11
86 181 69
83 150 6
1 90 62
3 52 58
84 169 68
50 98 75
29 107 6
82 166 90
92 136 23
1 9 55
11 44 36
65 100 32
27 81 83
62 103 68
69 98 18
22 85 82
16 40 2
46 85 40
91 132 39
6 45 47
82 136 67
13 59 38
52 91 98
92 170 84
29 99 68
68 128 32
35 120 86
52 71 1
5 58 88
87 167 66
26 72 28
29 93 73
85 129 94
79 110 81
39 134 25
74 164 99
41 53 6
55 121 96
40 55 55
96 176 41
29 126 61
65 86 31
30 71 23
10 45 8
68 102 31
69 156 49
64 106 54
30 84 88
28 91 65
37 99 69
19 110 53
87 101 99
43 92 22
55 101 87
90 105 2
53 122 8
74 136 85
14 104 13
80 107 96
72 143 1
46 95 80
25 49 24
32 106 15
22 24 41
33 41 100
51 146 35
12 69 10
17 46 57
15 32 20
81 119 15
70 115 93
52 133 38
46 142 28
34 50 79
23 70 36
98 178 76
23 77 71
4 91 51
9 102 18
39 124 85
3 67 44
0 46 16
36 71 67
23 115 85
51 62 43
3 9 3
66 160 97
22 89 52
93 128 36
45 70 94
49 58 5
3 22 70
79 99 50
28 95 57
31 75 59
63 134 83
42 66 75
5 35 82
40 122 60
20 82 94
8 43 62
27 97 67
99 150 13
58 85 64
86 155 90
53 86 57
27 59 73
93 154 33
62 108 66
26 110 6
88 173 58
46 100 79
61 135 34
4 7 77
43 47 24
42 69 60
21 73 78
66 114 66
91 126 19
3 80 83
61 137 93
47 74 33
75 122 25
87 109 72
58 90 74
96 129 96
45 89 29
6 7 44
47 66 58
30 86 72
44 106 83
36 117 94
65 139 13
9 89 81
18 69 61
89 104 19
26 68 12
25 57 35
65 128 86
53 73 54
76 102 44
55 78 61
5 81 70
13 27 90
97 150 39
85 122 61
48 50 21
63 96 17
57 65 76
75 80 29
73 128 9
65 127 25
64 82 100
41 47 40
29 74 95
72 159 38
86 129 74
53 141 90
31 125 90
40 71 23
97 163 55
86 147 55
12 109 65
93 143 39
79 173 77
20 92 4
45 96 87
7 51 39
90 142 18
72 134 83
50 62 24
75 151 45
93 115 46
3 103 64
16 36 94
37 128 64
48 75 10
15 39 38
9 30 34
6 65 60
91 141 60
42 114 44
31 69 54
54 104 27
80 149 84
83 116 97
3 11 40
83 123 53
11 86 20
68 110 58
57 111 9
41 91 4
92 156 56
69 119 54
43 51 44
2 38 31
68 163 37
91 167 9
38 134 85
87 186 97
5 70 68
48 105 71
85 164 63
21 109 80
17 47 32
47 129 100
48 115 87
86 178 55
49 106 5
65 154 49
44 142 58
52 73 73
51 63 6
27 114 14
75 99 34
4 46 67
45 109 39
84 144 75
46 65 24
36 63 74
41 115 88
99 118 97
87 154 14
74 134 72
11 33 23
90 111 57
61 83 5
12 73 76
22 119 1
66 92 23
31 88 25
73 76 12
64 125 10
86 133 34
30 115 87
35 132 69
8 78 28
14 24 29
3 60 39
9 91 86
17 22 18
93 108 22
33 133 63
73 132 8
54 147 51
31 70 67
31 88 25
41 46 72
88 95 51
30 58 41
89 99 39
58 88 34
93 123 77
89 178 90
57 103 41
13 82 77
39 59 6
94 174 75
7 26 19
95 190 64
48 72 5
97 99 31
90 130 91
89 153 20
14 17 52
94 149 43
30 79 43
37 85 32
74 153 80
52 147 14
83 159 16
24 72 94
16 31 10
73 78 26
26 38 74
36 109 52
18 115 39
81 180 81
28 112 59
71 138 75
25 32 2
91 178 37
37 43 32
57 148 36
21 30 91
75 101 86
55 98 47
79 178 1
12 29 38
25 99 82
72 155 23
53 89 11
31 55 6
13 86 17
80 163 37
95 194 54
80 176 10
19 76 44
72 131 12
81 104 51
12 111 80
14 77 88
85 91 69
16 78 10
34 52 81
57 146 55
86 134 18
77 152 46
9 14 4
81 137 21
30 68 96
16 69 70
96 152 66
0 95 30
53 107 95
46 57 74
11 93 71
71 105 81
45 67 2
29 62 96
25 74 67
39 58 97
48 87 93
1 67 3
13 78 52
21 108 68
5 12 68
7 42 44
70 145 28
98 175 100
25 68 33
26 65 4
21 32 59
83 91 34
38 78 26
42 51 10
54 81 87
31 45 94
38 48 69
13 29 22
50 141 13
40 106 65
29 108 29
46 65 92
48 53 84
32 87 24
45 131 46
13 87 38
58 110 28
52 71 2
35 98 100
53 89 36
11 20 53
71 166 56
40 42 24
93 155 82
31 126 18
9 25 64
53 69 37
69 122 77
24 49 25
87 138 51
80 154 59
18 58 100
49 108 9
7 77 93
4 42 39
56 65 70
92 182 28
25 110 12
92 121 47
16 54 16
69 141 3
89 117 57
45 120 76
47 119 13
66 104 84
81 168 74
2 16 71
9 21 62
22 87 54
10 76 61
56 65 7
1 27 63
30 47 64
31 70 35
3 32 97
13 81 97
10 36 24
49 104 50
20 85 50
17 25 18
69 107 3
90 110 76
18 45 62
41 127 63
12 19 15
22 53 32
60 156 48
16 92 67
82 167 64
53 149 79
0 94 98
61 160 27
50 142 8
8 23 61
18 99 99
33 129 13
97 193 18
89 184 42
35 126 14
11 20 46
11 43 10
62 112 11
78 83 17
95 134 61
29 73 72
73 110 6
62 108 96
38 106 8
25 83 31
14 43 10
50 98 9
79 159 41
58 150 40
87 114 85
73 107 18
32 105 9
58 114 56
85 173 40
62 79 50
20 29 3
98 137 91
41 98 29
89 113 100
9 74 17
34 69 31
37 60 47
68 95 53
46 121 89
74 145 10
41 44 3
13 45 25
58 127 24
69 70 4
75 84 100
67 106 94
81 87 92
1 52 65
34 129 41
12 87 20
68 110 83
28 83 6
39 124 51
31 42 97
96 158 37
86 124 54
81 160 93
88 148 38
3 71 17
51 83 41
51 139 92
89 112 40
42 87 69
5 19 17
33 91 36
47 62 61
63 145 52
75 116 37
37 72 74
47 78 18
20 106 72
89 131 16
49 100 53
63 148 49
39 126 54
89 185 94
65 157 51
12 98 28
5 60 58
37 126 46
45 85 8
49 100 46
38 92 65
79 85 69
4 65 89
10 81 62
18 39 6
30 60 27
62 104 88
88 148 39
33 122 69
40 136 41
8 57 33
83 127 45
24 26 26
94 132 37
43 132 82
3 50 55
32 95 32
31 77 9
79 179 100
54 79 10
2 75 39
97 151 83
45 105 8
49 111 41
65 118 58
93 181 83
36 131 92
33 85 36
53 75 30
67 142 65
68 155 7
2 37 30
68 95 27
42 47 21
70 104 22
45 101 45
94 100 52
50 134 28
36 72 26
24 66 8
34 84 95
56 69 60
49 133 86
63 147 99
12 59 40
70 110 53
21 106 93
88 93 72
43 56 15
17 24 16
3 33 93
3 34 22
92 127 20
40 122 41
80 177 64
76 156 91
61 74 21
83 138 36
9 70 89
83 182 3
35 103 44
72 84 8
97 124 2
47 53 63
95 150 81
90 159 77
4 39 79
86 163 76
88 164 96
1 82 77
19 106 79
73 172 90
11 16 67
38 123 75
61 122 76
92 105 2
89 162 74
5 37 11
88 119 19
78 177 72
69 123 71
5 27 41
2 6 78
32 51 96
69 93 73
43 66 24
19 73 37
23 65 12
2 99 66
2 58 31
31 82 39
16 20 92
53 126 17
27 80 49
85 114 89
90 150 62
47 95 7
33 132 50
90 152 46
67 114 17
60 71 45
29 110 6
1 77 39
1 78 97
96 184 91
52 74 25
0 27 71
8 49 56
6 29 32
34 39 57
4 97 82
22 94 21
70 164 53
67 99 36
51 146 70
46 117 82
11 100 41
29 113 34
2 5 31
47 100 68
97 164 16
22 25 3
86 98 85
88 123 30
58 86 28
86 127 46
56 106 12
13 66 23
59 71 68
97 150 51
69 169 63
14 88 35
99 167 35
19 114 35
16 104 46
55 93 12
56 128 33
74 128 98
22 33 62
49 122 6
77 155 14
2 13 69
33 50 64
88 185 45
20 27 69
83 133 70
34 49 98
74 171 63
41 46 17
8 30 37
89 137 66
75 86 50
90 174 22
51 143 49
31 88 12
57 136 63
33 34 81
2 3 44
5 16 23
52 57 53
56 73 82
61 73 5
51 135 57
76 114 62
71 117 67
62 133 20
89 91 16
84 150 89
44 122 70
10 89 15
64 92 37
24 53 57
41 66 81
17 28 44
82 175 60
14 18 80
26 118 87
74 120 10
23 26 70
70 159 27
99 147 4
37 113 94
83 176 42
99 129 83
84 164 21
90 173 92
16 62 83
46 103 51
88 157 21
91 159 99
18 65 75
22 63 21
1 101 99
21 54 11
38 109 45
69 132 34
49 59 36
96 175 69
96 194 89
23 30 37
39 103 2
53 72 56
81 168 97
6 67 76
57 153 16
10 19 6
81 116 25
78 130 64
66 163 51
54 100 5
31 99 73
83 108 6
13 100 90
95 130 82
34 101 19
76 77 43
7 66 73
37 93 53
67 114 51
75 104 8
2 5 74
88 187 11
13 19 22
43 87 19
71 72 40
57 79 61
78 151 19
33 97 23
86 109 82
17 69 41
85 125 29
85 116 43
74 149 45
64 116 72
65 105 34
57 93 87
31 131 44
42 102 27
40 74 57
44 81 86
24 45 44
33 69 30
85 87 68
61 80 64
55 132 3
91 170 35
52 128 81
25 102 65
84 149 21
86 169 71
72 103 55
19 62 8
91 114 70
90 124 24
51 111 93
12 63 14
37 117 20
10 51 52
53 67 93
60 143 10
92 169 6
83 139 66
59 91 40
65 122 85
8 30 39
34 78 59
89 160 71
6 102 50
30 130 75
57 58 71
95 173 75
59 95 53
53 99 55
98 188 53
61 149 22
35 63 34
61 108 80
81 156 2
90 96 12
27 68 78
59 157 23
56 101 46
34 125 61
4 23 69
27 93 5
36 116 70
75 140 28
44 93 7
44 129 97
70 82 7
17 98 10
34 35 5
13 66 86
24 63 26
52 110 94
75 112 47
26 117 91
23 104 13
28 67 93
48 107 77
22 119 75
54 69 1
48 135 79
55 142 11
61 139 76
69 107 15
47 114 75
23 111 27
51 135 80
72 79 46
3 35 92
25 86 13
71 93 69
31 107 23
36 54 9
44 76 57
21 41 53
87 144 65
63 92 92
60 134 18
31 123 97
39 76 38
25 64 80
55 112 62
39 93 21
81 85 78
74 153 72
68 104 3
95 176 74
99 121 91
2 23 83
33 115 37
95 113 72
50 117 3
65 87 85
73 90 65
47 61 34
38 108 15
20 87 57
36 99 30
1 61 55
73 105 77
81 179 98
27 92 91
20 96 76
23 104 97
77 106 80
84 116 75
31 38 80
83 97 12
61 150 31
55 73 42
39 116 77
92 134 18
42 65 87
42 60 76
24 57 28
81 129 79
21 38 56
39 84 59
40 115 8
26 44 49
47 87 78
36 100 44
25 76 36
45 117 76
47 53 37
24 115 35
56 107 27
10 86 62
91 182 73
25 53 25
35 43 53
92 174 22
30 46 24
58 124 32
64 162 91
52 92 61
58 70 58
36 81 47
48 109 77
3 46 73
34 118 86
69 134 76
83 122 53
97 138 95
82 104 44
53 120 95
10 103 48
45 80 55
63 125 95
41 93 75
80 119 8
9 68 94
56 149 5
21 96 36
8 37 13
46 129 39
46 112 66
13 28 32
79 106 41
99 129 47
77 161 61
52 68 96
89 169 51
92 152 24
99 106 35
10 105 56
72 98 88
47 136 30
85 108 6
68 107 81
32 106 21
1 28 62
38 87 34
11 59 19
52 148 20
18 50 67
35 55 43
66 67 47
3 26 90
72 171 71
70 71 77
5 99 89
88 123 64
58 74 70
52 140 33
35 92 36
68 139 54
90 93 54
94 190 6
87 103 33
25 108 21
71 105 19
76 129 1
95 194 61
43 61 4
70 121 45
23 40 51
1 33 98
86 96 49
6 39 97
85 130 4
88 140 94
31 84 46
2 92 73
12 14 25
4 98 88
70 132 88
3 12 5
13 93 67
90 166 84
62 84 98
68 167 99
48 123 55
83 97 7
36 85 22
39 120 94
83 87 89
83 94 60
85 103 63
69 166 15
50 81 4
62 72 33
29 44 7
85 127 81
82 94 45
79 140 93
49 109 68
6 96 19
8 60 69
29 98 7
74 110 79
87 117 28
94 104 85
76 162 5
21 79 86
9 23 100
62 101 13
12 92 63
80 167 3
9 16 70
94 149 40
22 110 59
34 76 6
55 76 30
82 128 47
8 104 61
55 102 19
95 137 33
93 163 6
2 66 92
59 124 1
54 147 11
52 148 48
87 109 26
52 110 94
77 98 45
46 72 63
89 123 9
75 161 24
87 112 88
72 75 63
30 121 18
35 116 6
53 74 30
93 117 89
60 82 85
62 72 41
36 104 56
22 60 28
60 133 48
2 39 46
62 112 40
84 145 99
80 152 39
49 129 64
57 62 34
59 74 35
39 111 45
1 71 3
58 60 19
63 85 83
50 104 24
74 146 75
38 84 46
66 135 6
33 99 81
49 91 7
11 46 7
81 179 54
3 76 56
1 16 79
94 172 74
96 194 55
27 80 8
74 139 18
48 79 56
57 102 67
96 136 40
6 82 1
44 111 61
97 161 100
12 52 2
13 18 61
64 65 86
10 107 48
25 86 83
74 109 51
88 104 30
50 97 41
65 104 29
95 141 9
40 139 81
36 55 73
52 151 9
66 146 77
0 52 24
68 88 90
77 173 89
33 63 27
64 67 77
53 87 56
70 101 6
47 50 45
82 168 30
76 101 55
0 27 77
51 143 18
85 175 96
38 75 96
95 115 49
25 30 60
52 112 11
70 116 3
75 115 46
89 164 59
70 88 37
60 96 70
49 112 85
0 59 63
94 132 81
2 59 38
81 125 85
61 100 30
53 153 46
65 119 80
68 164 53
35 107 28
66 126 13
20 119 13
2 70 8
15 24 55
10 93 28
37 48 49
46 110 63
10 25 46
97 109 88
12 53 29
90 136 100
52 82 3
54 61 38
77 95 11
43 84 57
36 104 65
49 127 30
87 162 15
65 139 91
73 164 93
16 52 72
39 73 50
84 102 37
21 114 29
11 65 13
64 121 59
7 58 94
46 67 82
98 107 51
76 175 87
94 95 70
5 14 70
17 107 65
48 68 17
36 136 79
76 161 30
67 81 54
38 114 42
90 158 55
28 50 99
93 126 80
83 99 35
4 57 67
60 151 25
41 92 77
16 86 72
30 47 14
5 98 25
99 101 98
98 193 59
10 106 34
18 19 35
82 97 36
58 84 35
41 99 61
32 45 99
84 92 4
48 143 70
48 65 84
47 82 25
18 20 91
71 136 6
14 40 87
36 110 37
64 65 8
14 96 31
92 114 81
31 87 59
82 150 6
33 71 47
0 26 66
46 107 11
58 138 54
91 163 3
87 99 91
65 159 32
80 104 93
37 51 21
53 127 57
53 134 2
69 108 10
44 122 82
95 144 27
91 128 1
81 172 72
57 62 58
30 60 54
57 146 4
33 90 51
45 76 61
31 63 67
47 118 15
32 91 22
49 90 30
68 146 8
84 152 9
61 66 97
96 189 71
49 63 71
13 20 69
63 124 61
87 96 99
59 90 37
17 32 70
69 140 13
82 138 47
25 104 7
87 108 12
9 73 23
96 133 16
53 126 55
24 27 46
68 131 8
53 113 94
8 86 10
52 135 31
51 59 48
25 92 58
42 121 69
60 120 13
94 191 7
21 115 87
53 99 22
31 63 71
6 50 93
99 142 39
19 29 14
58 112 32
21 69 50
78 108 1
56 126 61
54 148 25
26 111 46
23 84 58
46 129 50
55 71 41
2 48 19
56 152 5
13 28 29
55 78 48
47 72 50
31 59 89
60 69 39
55 58 89
60 126 98
53 138 26
72 93 38
59 141 20
22 83 41
61 92 44
8 45 77
89 120 8
46 117 38
50 140 75
45 140 2
86 115 75
55 68 40
75 125 32
57 83 43
76 88 96
52 75 17
14 45 37
96 112 63
33 42 66
23 111 82
86 87 17
87 141 99
18 43 47
85 171 31
47 91 99
21 92 2
17 68 81
2 83 42
40 115 65
23 46 41
28 54 53
76 173 54
67 73 98
35 103 95
81 153 65
73 113 62
69 123 87
57 125 50
44 72 84
30 54 57
57 78 3
39 92 51
61 105 29
8 90 61
43 78 29
16 98 9
23 50 24
69 169 8
74 88 28
85 140 88
74 150 94
31 109 76
43 65 16
64 140 83
44 101 32
53 99 80
81 97 63
97 164 73
76 126 83
27 106 8
2 31 83
54 94 29
68 104 40
65 92 74
24 98 21
42 52 67
45 100 94
28 36 48
37 44 76
6 93 4
20 34 89
89 164 80
30 68 61
8 74 32
43 86 49
31 59 98
51 113 47
10 104 14
96 190 49
36 47 49
27 73 12
12 15 20
66 129 47
32 59 8
94 181 86
30 86 86
74 78 80
39 94 55
16 17 12
1 49 91
12 40 38
4 94 95
74 125 16
57 143 92
48 76 81
27 36 7
4 21 49
12 48 100
93 157 63
87 132 34
82 174 11
53 124 63
7 49 51
45 70 6
32 37 67
72 101 82
29 120 25
10 35 99
25 67 86
73 122 36
17 86 18
91 94 85
17 60 10
0 17 25
65 83 74
8 47 91
99 124 92
29 40 89
25 92 32
78 123 21
61 138 5
58 63 84
70 140 41
7 91 64
51 107 75
55 92 24
22 52 56
49 136 57
79 166 13
45 138 7
13 17 11
46 74 45
99 162 23
7 107 51
72 123 47
23 88 17
13 19 92
53 112 28
2 26 47
28 70 87
55 87 53
14 42 14
27 92 39
76 77 76
4 89 95
54 102 77
86 107 83
66 100 80
78 174 9
69 138 50
84 134 11
79 126 76
67 165 76
88 146 67
26 68 89
11 43 6
29 55 85
78 89 55
7 81 82
72 152 24
8 104 1
94 171 79
46 67 100
54 73 27
20 28 12
60 86 29
24 98 48
90 178 96
39 40 100
61 72 55
27 53 60
4 71 18
68 100 29
25 88 61
39 48 48
76 89 74
63 111 41
97 141 61
82 109 98
70 114 67
44 139 86
94 192 83
78 154 81
86 136 61
53 80 28
9 104 73
79 136 54
36 126 18
0 15 62
80 114 43
76 117 30
47 112 16
29 105 41
14 114 33
7 47 72
98 189 35
77 157 23
44 133 32
17 23 19
88 97 82
38 133 46
84 129 11
92 97 48
93 117 93
25 94 49
50 64 75
35 125 66
14 91 63
99 155 2
77 167 100
84 98 95
36 93 65
68 147 6
72 125 59
1 98 23
87 88 24
6 106 69
24 29 66
34 128 96
98 167 91
81 120 97
23 50 46
11 66 88
92 189 93
40 68 53
14 93 65
73 118 60
89 101 18
15 42 92
47 115 88
8 75 38
50 107 41
28 103 40
89 158 56
40 69 67
28 78 39
57 61 98
33 125 77
65 84 71
35 79 63
56 98 24
11 83 31
49 57 33
97 138 30
55 87 78
67 78 26
67 144 47
5 49 97
19 104 63
78 169 21
38 137 46
97 120 57
82 121 3
45 143 8
86 137 73
25 33 47
86 172 25
57 149 82
56 76 95
29 55 14
29 106 18
96 144 45
33 75 19
47 147 99
16 56 65
92 144 41
47 56 28
86 165 77
92 181 84
90 132 40
31 112 30
51 115 49
10 55 33
22 78 50
28 71 73
95 103 68
56 73 21
95 188 84
74 171 76
69 86 31
32 99 94
93 94 3
16 55 2
46 125 37
25 124 75
72 135 39
31 128 88
90 110 41
34 74 1
43 129 5
79 155 19
5 34 23
32 49 9
1 94 19
68 126 70
72 73 17
77 117 5
94 147 99
78 129 81
40 108 38
46 73 25
37 57 51
3 42 80
38 63 55
36 101 47
39 61 48
74 95 55
16 31 90
23 114 92
51 151 21
85 118 43
90 167 60
40 68 77
29 101 47
11 100 18
87 172 94
78 97 81
58 131 100
28 66 5
44 58 65
10 15 29
49 71 54
34 37 54
42 136 16
58 158 27
89 180 66
65 149 17
57 129 19
32 70 8
70 134 93
37 75 36
32 98 58
15 42 20
26 52 22
40 81 71
91 135 59
36 110 44
37 41 90
70 137 70
7 51 41
20 94 38
21 108 85
31 67 86
21 115 39
41 103 18
17 31 39
28 55 19
74 127 5
92 138 6
72 133 80
64 117 72
95 120 61
16 17 1
59 97 72
58 118 21
70 165 61
45 70 69
63 153 67
29 56 54
22 56 70
53 68 14
80 125 84
3 92 85
40 99 54
52 144 75
96 196 17
93 181 10
58 71 71
12 36 18
73 97 48
61 158 96
64 96 87
3 44 64
67 151 45
34 104 96
82 102 27
41 69 16
73 138 5
70 149 73
18 25 29
71 148 6
42 141 26
38 108 38
67 101 55
53 94 21
79 168 12
79 81 16
39 128 27
44 77 69
80 145 24
2 42 44
6 97 39
27 104 47
49 138 28
60 69 86
19 60 49
8 31 46
89 90 92
92 119 65
21 104 13
13 60 55
26 75 61
90 97 87
15 87 20
73 98 62
98 119 68
85 104 49
4 63 70
17 103 31
89 134 93
90 113 67
99 150 38
87 94 60
92 127 17
96 190 37
27 127 89
41 100 85
75 138 62
80 126 30
28 105 69
76 84 91
41 114 95
9 102 35
89 147 25
95 141 71
37 136 52
22 25 9
69 151 79
20 76 86
7 73 44
36 55 85
22 92 82
42 74 13
0 36 86
54 139 92
88 90 10
45 91 95
15 94 86
52 117 25
0 89 74
25 97 75
50 66 77
88 93 38
5 22 5
68 154 49
70 146 7
97 157 52
80 104 92
31 116 45
67 148 17
38 59 44
68 105 19
91 165 70
44 74 67
6 95 92
45 92 19
94 127 98
2 93 93
26 51 19
39 83 73
94 97 15
7 106 76
28 31 48
5 8 14
5 30 46
84 164 18
9 67 82
52 103 56
44 131 67
88 169 95
47 80 77
62 83 24
20 31 72
12 68 78
51 77 38
37 78 89
35 126 72
87 91 32
32 113 48
25 34 96
25 82 54
98 192 94
28 69 47
85 163 90
47 145 75
70 169 32
22 115 90
68 135 77
17 91 20
54 116 7
91 103 84
55 80 39
0 79 48
29 105 67
66 117 52
44 106 82
40 84 93
65 98 15
74 114 43
25 61 3
4 53 87
10 32 79
70 135 48
61 74 88
71 92 15
82 159 39
11 61 19
17 40 2
27 88 34
93 138 6
11 39 11
76 141 57
29 46 74
36 82 96
7 42 76
43 124 22
32 81 42
15 45 50
23 98 13
7 73 70
63 108 33
41 116 74
94 182 72
47 62 84
2 91 21
57 97 59
65 149 33
33 75 39
96 104 74
99 170 31
69 95 45
29 104 21
99 167 55
81 86 66
4 8 2
87 156 30
90 178 6
0 65 94
41 50 21
87 106 1
57 79 35
58 126 87
93 106 72
46 122 15
64 112 10
22 43 29
54 145 70
56 144 9
96 142 41
55 120 50
19 118 30
45 100 12
59 153 49
74 148 1
98 195 27
82 106 44
46 94 7
71 103 15
9 50 2
40 88 4
25 110 76
43 89 62
83 170 97
35 61 58
96 139 62
24 95 73
3 46 32
53 95 58
49 52 62
15 25 44
17 28 79
66 71 14
7 106 77
0 36 53
10 43 43
10 57 38
69 124 98
59 71 55
98 99 92
14 107 81
49 79 23
9 58 90
84 160 23
11 34 1
88 157 89
97 144 4
68 150 4
88 154 91
2 11 78
79 107 64
14 44 94
83 138 40
22 94 13
93 112 97
24 84 75
15 70 32
60 91 61
25 97 14
14 35 93
66 138 52
16 73 15
22 81 89
62 77 30
18 91 8
19 22 63
1 28 86
62 154 69
62 68 90
98 182 27
56 58 42
98 135 45
63 153 70
46 63 26
99 157 40
20 90 74
37 42 39
7 102 15
87 170 37
23 36 28
17 53 6
1 77 65
41 105 80
19 79 64
40 52 15
49 116 24
23 68 76
99 141 35
49 97 66
94 158 87
55 111 55
1 47 17
80 118 20
34 39 1
45 97 4
12 43 34
47 66 71
65 76 19
38 65 89
12 72 1
99 115 74
77 90 55
3 94 19
63 70 10
9 54 27
56 78 86
88 159 75
89 107 31
10 92 28
0 86 52
51 80 54
21 98 39
29 90 65
23 100 61
69 77 21
70 165 85
43 89 16
88 124 89
95 176 63
37 104 32
10 73 65
90 155 57
69 91 99
4 87 85
55 139 14
64 140 17
13 15 74
21 94 7
13 52 48
99 126 61
96 129 58
58 94 43
76 129 72
39 107 71
55 91 70
21 67 55
19 67 20
1 15 40
71 141 7
41 140 20
19 84 77
78 166 36
6 23 23
54 71 40
4 31 11
33 96 73
66 137 13
30 108 19
34 112 5
32 62 44
9 47 25
89 189 71
32 86 67
52 99 66
89 144 34
96 168 99
61 116 49
58 81 97
1 85 86
22 113 4
57 131 34
27 46 86
37 102 17
95 120 59
10 28 78
24 63 48
98 114 27
26 86 91
93 130 38
43 96 48
54 147 96
42 59 79
68 111 98
15 99 4
39 71 66
59 137 33
51 64 84
70 100 62
10 52 74
23 120 33
10 49 48
60 84 93
76 156 15
51 116 40
41 89 4
37 54 27
57 132 85
83 178 61
68 139 95
20 27 26
18 48 9
37 104 75
94 168 81
60 118 6
18 84 31
63 88 10
61 84 14
67 72 80
16 47 5
85 164 84
0 39 80
90 184 45
67 99 79
30 67 99
88 96 59
73 104 26
30 94 1
27 36 8
69 108 16
42 58 91
7 72 19
1 10 67
46 64 10
50 139 96
80 115 72
97 127 67
64 156 79
20 64 83
82 100 30
86 184 83
48 107 54
42 45 12
35 63 39
50 64 26
87 187 50
22 42 44
98 192 79
30 69 47
73 156 10
82 84 85
5 18 89
40 57 64
70 163 31
36 118 7
87 156 22
96 122 37
24 70 24
25 48 11
92 103 64
11 15 82
74 170 65
58 101 57
91 147 92
64 69 26
36 127 80
72 122 41
78 105 74
12 87 63
13 17 96
57 153 31
49 73 7
29 62 67
14 18 79
51 126 92
85 172 96
60 133 70
78 175 32
34 117 45
11 98 84
60 96 30
89 188 75
43 70 65
30 57 70
79 179 44
1 50 98
35 96 79
38 85 75
87 104 76
3 47 100
18 39 16
4 81 81
59 87 79
26 60 92
16 96 72
56 115 26
44 77 9
69 102 28
11 111 28
13 30 2
83 118 18
56 147 76
56 153 18
68 132 42
60 87 75
54 131 87
16 67 52
83 177 11
56 138 34
38 41 20
75 136 88
8 62 24
29 68 24
9 63 9
23 121 42
19 99 62
35 80 91
71 145 69
58 77 77
28 85 65
17 66 64
7 51 81
66 132 63
35 91 65
42 55 58
5 21 39
55 129 90
71 88 27
61 87 52
85 125 83
91 147 65
82 182 63
7 11 30
34 98 58
74 104 81
48 127 73
71 139 10
16 107 68
57 128 86
37 122 36
90 152 16
88 123 33
69 80 53
77 147 14
98 159 96
95 180 100
65 94 62
67 143 82
72 136 51
82 86 81
26 41 68
93 189 84
21 72 9
90 92 30
51 56 78
56 134 31
17 96 96
15 57 93
28 70 34
36 111 57
8 23 40
51 92 9
64 100 52
68 97 19
3 28 28
25 70 90
62 98 28
53 142 75
3 4 77
39 40 95
94 133 12
24 61 37
36 109 54
86 100 71
5 33 14
89 130 63
61 86 90
9 28 12
59 118 15
62 138 25
13 26 74
38 133 65
73 134 89
77 97 80
67 73 35
72 103 70
46 104 35
43 110 61
95 101 53
5 97 51
0 8 10
63 128 55
3 20 44
20 104 21
45 119 97
67 101 79
25 74 35
31 72 13
16 54 58
34 120 9
98 111 58
76 84 48
70 114 72
35 112 4
29 43 21
86 180 39
49 134 4
13 98 5
95 118 82
40 45 41
11 78 64
88 130 65
91 151 89
1 27 6
5 23 23
96 156 65
34 116 99
90 101 23
95 132 4
17 50 52
72 74 1
93 179 80
92 175 70
8 66 33
67 162 4
63 107 53
31 104 100
40 113 46
85 90 21
83 159 22
13 42 75
45 78 9
93 106 95
67 70 82
54 126 48
70 167 98
23 114 1
63 124 64
51 141 41
98 173 61
68 84 33
31 117 54
70 110 8
90 158 35
61 114 48
20 71 7
73 155 19
2 7 100
80 104 80
40 89 35
78 100 83
61 135 64
82 164 84
49 105 64
16 56 79
23 91 71
40 89 40
86 147 36
58 112 81
94 175 77
56 126 48
13 55 82
76 97 72
77 128 80
65 128 8
59 118 39
30 55 62
30 111 22
78 161 49
44 113 47
19 101 53
86 145 12
76 139 74
35 46 61
80 151 49
60 118 22
28 99 2
40 77 100
82 155 72
34 122 95
20 67 67
50 60 63
58 128 58
52 93 40
50 58 89
80 174 12
10 109 57
3 8 97
86 118 77
62 79 21
70 113 85
62 145 100
90 112 53
73 116 60
21 27 85
85 97 11
88 182 59
69 88 26
94 136 92
11 37 73
39 76 46
43 91 83
51 117 60
98 178 65
60 121 9
20 107 4
57 62 74
89 95 31
15 23 5
3 75 54
87 129 3
70 149 72
66 106 27
99 188 51
88 123 3
1 39 49
71 129 10
22 82 84
44 75 43
14 92 100
62 102 73
10 63 30
62 131 94
43 121 31
86 96 28
55 138 25
5 104 5
39 111 69
31 51 98
44 68 46
50 141 60
47 130 63
58 97 28
16 64 85
5 87 32
90 118 20
18 59 35
97 112 93
40 95 74
1 43 34
31 65 39
99 151 84
72 126 87
4 98 98
10 27 15
0 7 55
40 79 32
53 79 22
6 96 49
83 145 94
93 134 78
58 121 70
82 109 79
76 95 61
19 56 21
41 71 65
40 54 84
4 78 56
50 74 56
45 56 34
99 156 64
22 64 5
81 154 53
60 104 27
82 101 3
69 120 60
84 133 76
78 167 33
3 30 79
71 142 2
6 42 55
44 138 10
19 86 25
75 152 75
49 106 37
25 40 49
24 25 70
85 92 75
82 115 52
14 18 85
30 88 22
56 108 32
93 114 5
73 84 9
67 166 100
69 160 31
14 104 66
25 44 74
69 163 11
34 126 17
94 129 92
12 60 58
50 63 78
28 72 13
80 102 50
62 152 54
83 149 47
24 120 56
85 133 62
42 122 89
96 180 57
90 112 8
63 126 92
55 95 4
76 165 19
12 59 86
51 117 89
97 157 69
52 134 45
57 67 59
1 70 82
31 83 64
0 35 27
20 103 50
73 131 4
17 93 32
66 154 34
48 108 48
24 68 70
83 105 96
29 30 75
95 108 41
93 171 90
32 120 98
38 95 2
85 155 51
39 47 57
88 136 92
98 126 51
51 125 50
22 112 26
6 90 66
83 162 1
69 157 7
11 101 65
50 76 4
93 142 64
16 110 21
89 175 30
53 123 67
70 122 38
45 116 98
11 22 8
33 92 55
43 92 26
2 55 59
0 53 73
39 111 99
1 86 52
62 137 53
56 79 87
93 159 53
99 176 57
42 83 79
61 63 93
1 32 96
61 102 26
51 144 4
86 120 61
62 160 92
7 40 37
68 95 5
89 110 65
77 96 46
53 122 56
41 76 51
37 102 14
24 39 34
7 59 45
8 38 93
19 72 48
11 12 21
86 137 88
80 143 70
98 197 49
94 137 67
49 149 52
8 43 83
18 24 5
43 103 98
82 156 74
95 167 72
24 55 87
93 144 14
72 129 84
91 107 67
64 154 22
15 20 22
81 140 37
63 96 46
28 104 70
89 181 19
85 174 59
62 72 29
10 61 7
21 112 79
87 124 41
89 145 72
63 97 55
29 128 81
82 94 59
1 88 93
9 23 12
63 99 57
16 20 88
99 144 26
19 85 37
58 76 4
86 98 5
41 98 83
43 67 15
9 76 45
3 19 97
3 20 33
86 119 100
23 104 34
55 71 54
42 56 54
45 104 96
34 99 58
17 35 48
28 81 42
95 153 75
4 31 89
25 73 97
25 56 91
75 147 63
4 57 3
35 86 44
83 144 86
79 138 4
14 73 33
61 151 11
54 96 6
16 90 66
15 108 90
36 67 100
6 60 85
25 124 63
68 84 50
23 76 85
29 61 34
4 20 52
45 72 45
62 100 56
73 74 62
48 147 75
94 147 30
72 136 85
84 159 92
0 77 76
2 90 14
40 111 14
55 73 55
89 145 70
84 110 45
98 164 85
22 55 99
78 144 17
64 157 54
27 119 53
1 75 13
98 180 53
98 120 48
36 37 100
23 88 83
63 135 73
54 148 40
74 125 98
84 133 12
94 151 77
72 143 32
68 118 39
25 71 16
84 161 75
79 81 61
85 97 71
13 95 22
78 157 81
6 24 30
89 132 38
67 95 80
62 133 65
15 73 69
56 148 71
44 83 11
42 48 22
88 109 100
33 47 9
39 137 19
14 96 54
35 54 74
73 140 57
83 181 1
27 32 66
41 57 80
88 115 20
92 133 57
83 176 57
80 140 7
23 123 13
27 98 12
32 58 58
35 72 82
28 97 93
31 75 18
63 95 98
19 100 100
6 105 90
17 89 52
22 106 24
88 177 25
68 86 89
1 92 50
38 128 29
92 187 44
40 81 99
47 111 93
12 29 87
20 117 66
25 47 14
10 95 41
52 115 2
82 116 80
95 128 7
46 48 97
64 71 83
12 53 37
93 136 53
53 123 22
10 11 100
8 103 27
77 139 38
72 112 99
84 169 22
16 37 78
23 56 33
69 120 60
10 31 53
24 40 60
91 174 18
51 99 86
78 128 62
59 95 40
13 26 81
37 106 34
40 138 16
11 106 57
95 120 15
67 130 65
1 25 21
41 133 46
71 87 20
45 131 41
98 145 36
65 108 21
96 129 48
54 63 83
67 115 8
54 116 61
10 106 77
55 84 93
34 74 43
76 162 29
73 119 8
94 181 46
30 49 33
99 123 34
22 31 39
66 143 97
28 92 49
40 110 37
6 17 94
80 118 22
43 140 86
99 116 43
9 61 88
3 25 13
25 75 79
82 83 6
75 87 22
97 163 34
59 65 48
2 7 25
26 32 95
34 119 66
50 105 29
8 30 92
19 58 34
23 35 53
41 85 5
24 58 74
83 99 60
48 64 95
2 35 80
78 156 79
83 107 27
11 39 37
65 139 31
13 29 31
85 123 61
70 162 29
93 101 1
81 90 97
46 81 82
67 100 30
9 90 31
77 124 37
55 102 84
91 134 27
44 71 49
90 132 89
27 101 68
16 49 53
4 26 80
28 29 71
99 193 42
76 94 68
92 151 72
75 126 88
42 70 87
68 106 52
10 34 14
13 63 92
57 58 84
26 98 19
95 96 67
15 42 79
60 139 87
32 128 20
35 59 56
86 105 80
79 112 89
21 27 96
53 135 86
85 92 1
94 193 47
41 66 96
16 67 79
76 83 95
32 58 50
93 131 43
77 174 47
32 66 100
7 99 42
29 118 55
40 97 57
58 96 19
18 115 95
12 105 92
54 144 50
22 80 23
48 83 50
82 174 28
85 163 19
30 90 77
32 45 87
36 98 62
31 74 67
11 104 36
86 97 45
4 91 54
90 110 96
28 49 86
53 113 76
67 144 75
13 86 24
34 35 58
52 88 75
10 85 25
75 145 29
33 112 57
63 128 78
30 62 89
24 35 37
18 95 6
95 141 26
96 129 66
85 153 79
9 95 34
14 65 64
32 94 89
58 131 22
81 127 81
44 65 84
32 89 61
87 103 24
94 120 90
59 73 50
38 82 98
56 124 13
38 70 58
38 131 80
8 72 53
59 73 43
82 114 85
22 118 62
41 120 62
36 131 58
5 51 75
99 161 5
29 88 5
43 61 52
43 136 34
77 144 95
92 170 9
26 40 14
61 108 48
98 145 54
16 74 15
81 149 50
87 95 3
47 51 62
58 103 4
87 90 9
51 63 28
68 117 63
96 158 75
17 50 38
65 96 26
95 144 45
92 147 2
78 122 61
16 99 54
97 141 56
76 136 36
33 35 69
17 23 40
31 108 79
90 92 3
86 175 97
30 58 76
58 117 6
19 103 100
60 62 30
3 88 35
46 92 58
17 39 68
86 148 35
33 108 88
62 129 50
98 157 26
89 124 42
55 60 100
2 58 16
40 58 12
54 59 42
22 74 70
15 87 10
91 98 42
60 137 35
32 124 19
43 45 24
3 75 83
43 109 45
77 168 62
57 105 37
67 165 14
22 66 35
67 97 20
15 18 71
69 161 37
67 157 68
61 138 29
15 101 32
0 83 54
94 183 10
80 137 27
17 53 11
80 122 82
88 142 39
78 84 75
90 117 44
42 135 35
61 140 51
78 129 26
7 46 8
4 101 69
57 68 26
72 89 57
69 166 70
64 123 82
51 123 92
78 153 22
32 73 22
13 58 56
45 65 44
5 81 48
64 106 88
90 109 81
64 124 51
52 117 13
35 128 93
36 123 1
20 96 3
46 80 90
29 89 14
95 190 3
97 149 12
78 153 80
55 138 6
57 89 2
1 8 2
63 71 50
54 152 18
99 119 58
85 152 42
2 99 44
81 166 12
5 79 60
70 114 93
82 87 47
6 94 92
73 91 35
33 44 62
3 49 43
14 64 13
32 88 34
23 78 44
64 110 10
76 133 8
45 111 55
68 167 58
26 123 34
74 139 38
46 48 1
20 40 96
77 104 59
92 159 8
33 94 70
20 116 43
58 60 51
51 100 47
84 158 72
87 123 86
2 71 60
98 186 63
98 161 35
8 27 65
59 94 64
68 161 49
55 133 68
68 142 78
33 71 55
94 164 97
19 100 76
57 77 55
40 133 77
23 115 67
3 103 92
26 76 45
81 86 66
3 61 6
23 39 9
10 89 56
3 63 76
49 79 66
8 52 85
64 101 16
22 110 89
92 187 22
14 114 13
88 126 57
79 94 43
81 116 89
10 84 93
96 119 80
21 29 45
18 100 72
95 185 61
47 102 97
88 138 79
82 115 94
59 70 34
48 58 53
51 84 57
73 171 24
57 89 27
88 165 48
57 131 85
22 43 100
98 186 18
65 160 84
18 54 95
91 95 64
13 57 3
49 59 17
11 29 47
36 123 20
92 171 80
74 142 13
52 136 67
69 167 69
45 62 94
37 98 33
81 145 6
22 27 13
49 119 96
56 94 63
82 156 53
70 133 8
89 99 54
18 30 94
93 142 20
36 71 53
27 37 89
81 100 11
69 95 57
19 111 62
8 102 94
2 87 58
13 60 10
53 149 2
25 111 33
55 61 97
69 141 10
70 122 36
15 82 25
11 94 18
45 118 90
5 86 18
8 94 62
84 121 15
49 149 53
79 162 52
27 102 71
3 44 51
41 64 9
34 69 15
95 192 97
57 74 88
59 102 80
27 123 39
21 116 52
49 125 97
71 103 33
56 93 40
13 84 33
51 94 12
15 79 28
3 36 74
4 99 87
30 74 67
4 15 62
16 52 91
76 176 72
27 48 91
80 177 37
38 79 41
16 32 59
74 165 41
61 160 22
87 88 54
10 67 87
42 109 34
91 111 79
90 161 40
95 110 42
81 163 67
11 79 20
84 177 51
59 157 41
81 154 66
22 73 71
67 103 13
87 111 57
15 20 64
65 144 43
54 63 64
44 87 27
46 81 91
9 22 69
32 60 52
16 17 56
54 152 41
10 96 58
20 66 92
72 92 35
22 32 62
21 56 21
77 176 80
73 81 69
3 11 79
52 131 67
20 61 73
92 123 44
46 118 44
35 51 61
50 90 99
59 88 76
85 117 9
50 51 90
5 36 61
93 120 31
79 145 30
25 26 48
19 79 43
66 160 55
66 164 84
51 138 93
93 113 89
48 112 39
55 145 64
3 34 15
15 45 60
98 195 30
40 103 98
28 89 17
45 128 49
83 92 7
26 60 31
37 70 99
42 129 3
54 137 71
10 29 97
57 82 68
56 74 34
5 47 81
54 135 88
34 73 31
71 161 3
37 113 85
65 68 9
74 78 92
32 85 52
21 92 8
28 100 51
89 180 73
35 130 23
75 167 23
8 99 62
90 105 49
74 132 75
85 120 3
49 102 4
68 123 36
37 111 2
79 149 53
85 165 100
54 121 89
38 103 14
39 114 4
74 78 42
16 72 34
40 80 64
86 166 4
6 63 17
81 143 74
41 125 79
9 82 89
65 82 48
22 33 62
61 137 15
65 81 89
1 25 3
99 147 89
18 32 45
12 50 39
51 141 19
50 149 57
27 88 24
10 81 77
94 134 56
14 105 60
45 124 69
91 144 73
44 112 63
98 162 79
2 35 55
98 99 89
44 51 57
10 42 31
19 24 18
35 64 53
7 56 62
14 54 74
85 143 55
26 125 54
8 65 57
67 140 69
80 127 14
9 57 76
71 81 20
12 38 80
36 126 60
92 174 80
39 133 83
58 119 30
99 135 48
64 107 96
12 21 98
8 26 68
12 47 51
26 120 93
11 21 36
33 97 13
96 103 16
10 90 49
12 102 64
71 111 89
66 96 94
73 158 58
63 153 7
15 64 46
65 104 11
11 104 38
19 52 4
99 160 83
68 134 78
61 106 23
76 135 23
0 26 80
15 22 52
11 30 87
57 73 9
60 109 59
60 153 21
22 80 2
41 114 53
7 75 83
69 106 80
19 83 12
75 143 45
78 161 50
40 48 2
16 22 31
77 84 8
21 46 33
22 32 56
71 85 46
26 98 92
57 118 40
57 74 88
60 159 48
52 112 53
54 139 84
52 83 87
27 81 39
88 151 43
26 29 77
41 116 19
5 59 41
38 45 37
10 28 4
14 34 81
73 111 69
38 123 23
14 33 62
6 90 74
27 90 19
97 126 86
9 41 7
15 66 23
4 16 27
93 165 16
98 198 4
80 156 68
51 129 71
86 143 66
86 160 16
65 161 65
97 150 88
73 111 98
26 30 1
91 110 72
65 115 74
68 85 78
81 173 38
39 111 39
20 44 69
50 134 68
5 10 89
88 138 45
63 160 82
62 111 93
88 163 85
16 113 41
26 59 74
66 81 61
61 123 53
84 91 55
98 175 14
44 94 40
96 113 48
3 67 79
35 134 87
84 161 34
31 46 8
17 81 85
97 196 65
55 122 16
35 86 21
41 57 70
28 51 40
49 120 55
3 64 77
1 32 94
66 90 86
87 173 24
36 66 79
95 103 86
4 47 16
15 90 50
7 43 1
64 98 41
50 129 79
75 117 1
35 75 70
14 46 43
74 90 23
17 71 7
3 43 21
59 114 97
60 142 45
1 93 84
84 152 79
81 142 61
64 101 6
79 105 75
92 177 16
89 145 46
35 72 93
36 41 80
64 85 14
79 171 9
20 30 57
95 123 30
20 92 7
25 71 10
19 76 82
65 78 26
82 102 49
75 77 86
53 128 91
69 123 82
67 135 87
95 135 37
72 131 80
50 90 79
41 99 76
75 122 41
89 184 47
96 112 50
7 85 56
71 106 14
68 111 78
55 127 14
86 166 15
34 100 25
31 57 96
35 120 100
59 61 35
9 32 1
28 78 26
60 119 65
78 93 56
51 109 8
93 129 91
2 35 12
61 141 19
20 103 16
58 80 88
57 97 39
11 76 89
44 133 17
18 38 62
7 38 15
75 96 34
4 87 31
54 63 53
67 72 9
70 125 14
40 80 92
75 81 83
78 89 74
64 143 48
53 125 53
95 142 75
9 49 47
42 103 18
50 89 38
13 83 8
50 137 81
94 140 37
42 111 21
38 39 62
17 50 2
64 133 10
64 75 20
71 139 55
82 143 89
18 60 73
10 88 97
21 87 66
92 93 5
27 36 62
33 96 52
35 93 61
45 55 2
69 115 26
27 58 27
52 111 2
30 122 10
1 66 46
36 121 75
53 126 6
7 106 66
59 92 99
95 124 83
73 160 10
92 130 37
99 186 29
40 92 54
60 157 34
39 54 9
26 78 98
58 132 35
38 50 11
93 161 89
83 127 86
46 94 20
23 60 36
52 149 96
31 49 14
76 128 32
96 138 61
66 128 59
35 135 49
59 105 94
24 117 18
56 72 79
42 94 47
64 77 87
37 99 59
3 12 53
10 97 33
0 83 93
57 129 73
0 34 51
49 107 83
58 73 74
78 92 84
32 113 85
9 84 99
69 110 3
10 53 31
74 141 97
27 100 66
91 110 61
60 111 94
65 87 1
82 153 96
50 89 54
75 92 31
70 111 65
36 44 56
28 56 90
17 27 69
11 49 33
15 78 94
78 169 49
65 78 66
55 136 61
82 137 46
31 107 9
30 95 88
17 117 20
30 84 74
67 97 85
77 141 87
28 118 88
0 15 35
43 87 37
93 110 93
24 77 68
73 145 29
4 29 50
70 110 38
0 68 68
1 34 26
91 151 86
99 199 3
97 174 89
41 67 58
28 37 60
49 52 75
58 90 81
49 72 93
68 135 65
34 79 78
42 119 47
50 103 40
40 126 83
67 89 83
98 131 40
57 124 33
36 97 84
54 83 92
37 42 34
96 176 35
30 40 32
12 71 32
83 138 94
41 137 84
96 107 68
39 70 9
30 128 48
42 140 67
45 91 26
72 100 92
60 137 35
16 84 8
48 147 50
71 91 22
80 152 47
41 90 50
87 121 43
64 106 33
52 123 47
13 29 39
82 150 15
3 35 60
73 121 57
36 63 84
84 99 41
69 165 92
22 65 73
39 55 34
43 122 52
86 163 49
47 140 91
60 80 65
93 184 98
70 148 29
65 119 84
20 21 68
75 168 8
39 52 28
64 97 70
92 157 76
94 140 57
12 23 68
2 13 65
8 105 82
93 100 21
98 115 3
99 186 94
57 90 84
36 90 51
96 128 48
2 71 12
82 149 68
20 103 43
81 179 11
42 79 15
14 73 94
80 166 15
94 161 66
17 81 36
24 85 64
49 87 50
30 53 61
99 114 15
39 133 7
67 132 87
39 136 53
83 162 43
81 114 40
54 135 84
66 132 50
55 127 31
80 130 45
56 103 25
47 144 62
50 96 99
61 62 19
53 122 84
98 189 14
74 84 98
86 179 54
34 54 23
30 130 100
54 78 52
6 14 16
20 109 6
44 119 59
34 36 9
7 106 61
20 39 73
64 135 68
73 105 68
40 115 23
56 99 33
74 109 2
28 122 5
12 107 3
64 160 82
8 65 40
52 58 38
84 170 65
35 71 52
56 120 6
15 104 81
85 109 66
26 45 91
87 162 23
33 50 28
83 159 39
82 85 70
32 125 83
73 163 99
35 60 58
34 104 45
0 22 14
19 65 6
14 97 21
60 145 91
64 85 4
48 66 11
83 177 2
5 39 18
22 107 10
66 128 73
42 128 59
65 158 41
89 131 98
39 111 27
56 102 14
53 140 92
23 95 83
96 110 50
57 91 30
52 116 40
48 67 62
7 30 10
76 139 70
97 112 83
90 105 50
2 51 5
37 107 58
59 60 36
83 159 62
80 109 85
96 142 16
43 62 51
28 86 85
34 89 83
46 105 64
94 126 18
48 101 81
10 51 97
3 8 13
19 42 95
85 100 5
66 77 29
12 78 93
60 93 55
15 63 74
0 96 16
54 101 71
34 54 37
90 130 82
88 96 70
91 124 31
27 55 49
27 59 81
41 63 48
72 76 78
16 47 37
11 93 4
97 183 94
69 144 25
95 168 96
32 63 98
98 103 8
2 53 41
74 140 14
53 81 53
1 17 58
74 92 18
88 125 55
61 67 24
38 69 83
10 21 9
5 46 44
79 117 20
87 149 81
88 138 71
5 23 42
10 18 86
7 78 48
75 145 28
34 119 37
96 183 83
11 78 15
52 129 56
75 104 74
57 96 70
11 57 69
26 44 86
12 87 84
78 138 35
2 101 5
5 55 78
28 118 64
39 118 17
80 117 8
96 172 61
46 114 5
99 158 39
30 83 44
46 135 34
16 36 95
91 184 79
1 69 77
17 57 19
44 110 9
22 109 76
60 64 4
87 91 27
41 129 74
56 70 6
16 59 71
98 194 30
49 132 88
53 107 17
93 110 33
58 98 89
3 17 51
17 44 74
50 138 60
88 141 53
20 67 73
51 77 78
50 55 37
38 114 15
53 62 71
16 27 13
42 83 37
75 92 96
96 182 2
46 67 31
1 63 60
38 133 83
80 146 73
37 122 19
75 112 3
91 167 27
59 63 66
33 65 8
98 179 11
30 68 75
82 126 7
82 121 2
82 128 85
59 103 4
29 36 5
93 119 17
74 90 39
59 150 75
69 85 49
8 48 41
49 103 60
69 155 96
18 53 28
54 152 95
68 168 24
29 94 43
98 162 58
42 54 4
40 101 63
86 137 33
92 118 31
90 175 44
84 162 15
94 133 7
31 106 21
72 124 20
87 187 81
73 148 96
34 46 18
27 45 73
72 120 61
35 100 97
93 118 78
87 114 26
26 65 10
79 125 55
87 146 85
28 33 9
87 151 69
25 27 81
20 78 87
90 177 64
26 124 63
59 130 39
10 49 5
68 114 94
61 160 18
4 93 58
58 89 60
81 114 40
53 151 46
9 82 13
33 66 77
91 106 14
69 143 40
82 178 42
85 122 27
7 85 42
86 133 43
6 92 67
23 114 46
70 116 98
98 149 71
87 167 29
35 99 2
32 97 25
12 106 74
21 92 95
70 154 92
99 132 73
23 29 72
57 126 6
51 143 73
86 146 25
59 74 56
50 144 85
5 36 83
67 159 64
47 110 61
12 76 76
43 132 81
47 70 86
7 25 50
97 124 56
19 82 8
18 57 73
71 100 92
25 64 70
97 167 88
75 151 57
69 106 50
94 158 64
47 58 2
78 80 51
24 107 24
10 87 89
42 66 47
21 103 37
88 183 66
37 115 99
91 137 26
44 85 51
70 80 80
95 155 12
44 59 47
29 63 73
33 102 78
38 117 79
43 49 60
17 22 60
48 64 90
33 94 54
92 138 85
6 40 90
68 75 59
25 30 57
15 71 4
38 40 62
30 130 50
9 57 5
93 151 87
40 117 29
37 135 32
70 160 82
97 182 62
97 185 93
78 89 97
16 22 90
44 54 57
65 102 97
37 103 88
20 103 88
85 110 86
65 165 26
21 32 4
95 109 42
22 76 30
71 121 43
40 116 31
44 104 48
91 137 66
1 79 70
40 133 99
91 168 86
13 100 73
78 171 48
21 69 29
82 130 13
17 61 36
2 92 13
43 110 87
96 167 81
0 20 44
94 180 14
33 67 46
49 80 2
22 43 85
97 195 87
69 110 13
17 73 61
91 180 5
89 132 16
68 135 33
74 124 2
69 169 42
9 77 47
67 70 1
17 105 89
33 119 73
35 106 25
39 95 82
75 162 82
1 70 41
67 96 27
29 76 16
21 117 90
38 65 28
49 97 36
21 73 64
7 54 23
12 14 81
16 116 77
89 143 30
88 107 92
14 94 88
4 39 100
36 122 4
19 34 11
29 127 76
96 98 13
48 98 18
52 87 97
40 85 38
57 112 51
93 120 13
73 117 8
66 111 96
88 163 52
4 63 42
5 7 83
5 71 24
82 84 70
32 110 95
84 95 87
6 38 35
15 79 42
13 82 88
97 103 69
83 145 34
53 137 94
86 148 13
45 55 81
65 161 15
8 84 78
32 36 48
87 148 25
47 106 34
3 26 50
33 37 11
1 99 3
56 58 91
0 10 28
72 85 44
87 105 57
0 26 52
92 118 66
84 116 96
88 100 19
58 89 85
78 121 1
84 106 92
10 69 38
78 140 47
16 30 69
37 105 42
74 83 39
50 125 10
82 176 56
83 119 48
41 95 47
96 97 19
74 87 37
38 85 78
86 176 12
19 88 90
36 58 52
33 102 29
46 87 100
75 151 94
42 100 10
73 139 29
27 99 100
7 35 58
92 148 32
24 51 44
68 166 64
2 20 20
75 82 6
53 121 31
4 78 71
29 58 52
0 67 4
60 118 58
98 187 60
44 75 91
96 160 28
39 47 43
22 121 59
52 135 84
74 100 52
11 67 23
75 80 4
5 20 40
90 108 99
62 106 28
69 111 35
82 94 5
53 76 16
19 118 32
33 96 9
98 153 52
26 83 62
72 127 52
75 173 98
83 150 41
96 158 75
0 52 2
61 117 79
25 111 93
30 85 49
31 77 76
27 70 71
52 65 39
24 87 28
91 191 57
67 89 63
95 195 19
63 139 1
33 62 86
67 114 71
97 111 51
61 107 18
62 147 30
81 120 16
42 95 68
91 186 78
10 32 51
71 145 52
4 94 98
48 93 18
70 114 33
28 111 45
12 33 9
43 71 84
61 116 94
8 19 78
95 192 23
41 111 84
32 123 13
84 153 39
27 59 95
92 161 72
23 118 20
85 127 60
54 83 84
72 110 46
93 192 56
99 146 58
51 105 60
1 49 6
41 128 23
81 181 55
24 124 63
54 139 99
51 69 56
13 21 51
88 166 63
29 75 36
57 93 52
10 41 60
38 86 87
80 157 65
66 139 45
23 55 39
49 119 84
80 178 18
46 72 17
31 71 88
36 72 69
97 196 68
40 121 61
34 102 25
66 109 98
10 68 10
37 130 28
96 127 42
36 38 80
75 149 32
90 182 92
48 84 93
48 104 28
61 120 5
65 71 10
21 44 18
22 61 86
45 115 86
98 182 94
69 96 26
13 44 22
38 122 71
16 94 13
54 137 54
87 151 84
73 120 53
56 137 20
74 113 98
9 101 9
38 110 81
93 157 95
26 62 52
42 91 19
22 94 89
69 99 52
51 55 23
56 76 7
84 113 61
49 106 18
19 73 16
70 134 70
85 163 10
71 78 92
91 147 13
82 180 45
40 107 83
38 73 3
78 129 69
42 128 54
38 113 92
31 85 99
2 24 8
22 25 56
8 51 96
96 148 88
54 90 31
16 111 99
35 39 3
63 144 45
45 121 40
32 66 21
13 50 97
23 117 18
53 79 45
96 173 9
2 89 82
54 63 83
79 95 39
84 162 1
25 64 36
30 50 7
27 71 95
39 62 24
54 56 79
27 102 33
61 73 64
25 46 34
2 22 72
96 116 62
33 37 7
13 90 16
86 169 64
23 53 40
52 123 85
31 117 29
3 78 19
26 120 59
14 56 63
56 113 27
34 44 98
43 80 9
99 178 16
98 127 83
5 7 14
59 85 4
14 63 48
91 145 10
95 162 24
76 83 92
54 139 44
34 128 88
70 170 70
86 103 40
98 118 23
68 107 48
51 129 7
75 100 10
56 112 48
73 138 36
6 69 60
34 89 63
17 39 5
6 33 60
15 17 91
29 106 53
23 58 29
36 117 89
92 167 96
81 165 27
31 82 98
13 23 71
55 86 94
68 76 7
2 13 7
75 122 23
73 159 92
55 137 31
0 54 60
70 95 27
80 120 50
77 145 71
60 75 26
65 148 85
66 141 61
63 79 59
12 38 7
96 108 55
46 120 43
89 178 36
41 77 40
66 102 26
49 93 55
10 97 94
94 140 75
74 132 54
71 138 99
10 56 61
75 132 80
30 129 13
91 135 87
96 115 17
60 109 83
67 80 96
12 45 16
99 150 84
96 165 47
83 182 89
77 147 31
33 78 85
48 135 90
73 94 76
26 72 77
35 78 19
1 98 66
91 136 35
87 156 23
81 138 66
16 34 28
23 37 5
5 19 54
67 153 47
87 103 56
76 96 100
90 120 64
14 70 43
29 108 69
37 65 1
37 61 75
72 107 100
43 126 66
3 55 28
92 142 76
46 59 11
54 125 82
67 71 25
95 125 79
99 149 99
50 131 5
22 40 22
15 96 70
70 169 28
24 31 30
30 130 41
23 24 76
98 147 25
77 149 78
19 80 14
87 128 33
54 74 51
54 95 6
75 103 86
19 41 68
24 45 90
40 119 64
79 80 86
42 112 1
95 185 2
81 130 6
34 88 98
73 169 88
13 90 83
97 140 52
48 141 66
6 73 95
40 136 7
40 138 1
96 126 60
59 107 8
28 96 81
41 84 74
13 52 13
89 109 15
14 66 83
60 103 19
42 135 18
69 117 43
60 130 52
51 60 28
37 95 90
46 145 20
68 86 88
50 96 68
17 117 89
12 78 62
61 79 33
75 85 64
32 42 57
61 68 52
45 114 7
39 80 94
65 165 37
43 134 5
56 115 98
23 105 65
54 100 84
70 72 71
38 113 52
6 94 2
87 93 99
16 101 70
43 89 69
35 78 41
78 173 98
67 130 4
21 46 22
90 171 22
12 28 22
18 51 79
71 140 85
5 26 6
21 85 36
89 125 10
85 154 32
73 134 23
60 84 83
0 46 87
40 44 82
39 88 72
45 60 8
87 132 55
47 113 59
86 115 79
75 165 90
99 148 71
34 56 88
43 75 13
75 160 57
48 57 18
55 125 33
25 104 42
48 138 71
14 85 54
55 87 28
17 105 18
74 119 58
99 123 39
22 110 60
77 148 87
25 109 86
4 47 4
18 61 72
41 88 78
19 115 15
88 128 8
35 118 78
47 98 94
93 103 88
35 105 44
19 107 30
86 158 29
15 76 67
43 73 100
34 82 16
38 138 27
4 88 89
2 64 12
9 67 94
39 64 68
73 90 13
19 67 50
89 183 76
48 139 88
66 138 72
54 102 74
8 97 5
35 94 85
94 175 8
95 189 10
98 161 63
74 130 50
20 67 82
10 92 92
93 133 63
16 74 99
27 93 35
59 105 98
66 149 44
83 150 18
11 39 92
37 63 4
34 76 23
70 93 6
43 58 94
78 169 100
42 88 35
28 123 87
79 177 1
62 112 95
43 98 63
92 168 94
74 101 80
24 88 49
26 31 72
35 69 17
45 66 30
6 97 13
74 172 61
4 12 95
4 92 28
59 126 90
89 114 70
55 88 54
50 129 18
9 67 97
1 72 21
83 100 50
85 126 97
73 132 59
24 113 49
25 74 75
0 75 67
55 101 72
59 64 53
69 102 35
47 56 62
63 114 24
51 101 65
15 27 6
96 164 31
53 54 97
64 72 55
18 100 95
36 101 3
2 75 49
35 60 24
43 69 29
15 84 52
24 63 28
86 109 92
50 109 26
37 66 42
33 48 56
11 69 5
8 93 91
10 87 18
7 55 27
77 118 100
0 9 81
1 22 72
31 105 17
67 112 60
14 32 53
20 111 32
0 63 91
8 34 51
89 156 96
44 80 54
59 70 38
5 68 100
72 157 1
68 86 83
58 125 1
66 111 96
10 105 51
49 80 1
70 100 71
63 72 82
4 26 51
13 57 4
91 177 78
19 62 33
68 95 88
46 79 87
74 170 2
19 41 20
4 44 11
26 47 33
65 107 72
65 162 64
12 22 46
19 117 80
40 64 11
88 131 3
49 101 63
76 96 12
72 171 1
0 61 82
63 116 13
67 106 62
6 20 83
63 141 85
62 111 84
75 142 41
73 101 36
59 151 3
77 152 27
79 122 90
60 123 83
52 77 69
77 107 16
9 83 84
15 30 32
5 88 40
9 15 63
13 16 30
97 144 12
15 36 91
39 137 52
22 69 64
16 21 91
46 123 30
47 94 83
99 160 1
97 146 24
7 59 21
26 103 82
35 129 51
3 74 39
96 133 77
79 94 66
66 137 11
83 169 6
3 24 25
50 143 14
28 81 68
58 122 57
74 121 67
50 147 74
56 84 83
84 110 1
84 101 25
26 37 12
87 98 16
72 121 56
29 32 10
31 49 81
84 159 75
80 110 44
45 77 53
86 142 3
71 98 91
3 16 85
30 92 66
64 146 66
89 103 68
42 58 18
72 171 66
94 183 1
70 71 57
97 108 20
15 82 65
81 169 64
99 130 96
31 130 1
78 96 2
30 37 84
36 114 13
94 134 52
36 123 13
92 98 48
58 113 66
69 93 21
56 109 82
63 71 66
58 77 6
26 76 53
74 136 31
76 108 37
97 171 14
32 89 97
66 96 80
20 40 67
29 42 5
22 36 84
99 126 59
49 134 90
69 160 44
3 16 43
42 73 86
57 67 5
5 26 53
86 130 36
33 71 5
49 90 78
72 88 37
98 168 35
51 74 98
9 71 90
34 53 44
19 109 14
7 94 52
83 97 17
28 58 50
67 138 39
84 89 47
89 150 51
71 149 36
69 142 100
40 53 62
29 76 72
38 69 80
41 140 99
29 55 51
21 54 69
35 76 28
89 149 76
53 103 14
97 142 59
39 42 13
71 152 72
18 72 65
1 19 82
39 100 88
79 139 88
98 178 46
42 140 95
23 48 26
16 86 80
13 27 67
0 26 87
15 52 37
47 86 6
5 37 30
6 59 5
89 170 40
76 163 59
19 93 30
40 87 83
65 76 95
26 56 52
15 102 8
43 80 96
37 108 32
46 95 49
40 58 67
38 82 69
45 127 14
56 124 96
22 38 62
71 136 90
64 163 76
67 134 65
0 51 54
92 124 44
24 67 18
27 95 4
66 161 64
10 81 65
63 113 40
64 108 99
31 101 63
18 46 24
82 100 88
45 96 73
86 120 95
99 110 45
63 125 42
42 93 28
83 130 26
67 112 69
29 45 99
68 121 6
28 89 16
68 88 15
8 65 91
44 106 57
37 115 46
66 145 50
60 94 28
44 144 48
32 120 75
37 64 57
22 111 51
18 90 34
52 55 83
70 151 74
57 154 55
29 30 14
82 89 50
20 56 32
55 147 50
38 90 85
54 146 84
32 123 21
40 79 36
5 28 82
84 152 88
32 107 87
1 53 43
30 82 68
78 169 31
94 157 14
19 90 88
71 81 57
82 137 2
1 38 99
62 68 19
31 78 93
45 101 81
66 87 29
8 48 90
87 104 61
74 126 27
5 74 74
66 143 16
61 145 11
94 114 99
14 42 12
46 106 3
27 36 25
9 58 48
11 43 58
9 59 56
80 81 75
14 80 4
28 47 17
9 57 6
67 128 57
49 120 36
71 101 77
39 131 99
15 80 33
77 166 29
5 58 29
13 26 65
7 48 29
81 94 84
2 101 58
6 67 42
30 105 26
8 9 24
81 147 93
60 147 27
47 107 54
21 78 3
88 108 76
76 98 23
28 54 64
49 53 62
76 101 92
30 59 49
9 11 70
52 53 83
12 40 24
48 81 3
40 135 55
3 40 74
93 157 21
36 113 18
95 185 55
76 79 12
22 102 58
81 145 78
94 153 56
40 98 4
41 85 88
90 108 52
36 114 3
10 88 55
26 122 15
2 84 67
74 133 96
21 39 23
36 103 100
57 65 65
23 74 43
80 142 26
78 122 31
77 137 62
62 77 53
62 92 52
77 105 8
14 28 94
9 75 71
53 120 26
68 104 31
51 107 74
22 38 82
0 38 9
12 103 17
33 106 52
94 101 63
9 88 64
94 135 14
18 106 49
71 125 82
66 113 24
98 133 93
28 86 67
95 128 54
16 51 94
3 33 23
25 70 87
10 104 8
13 95 34
42 125 96
14 17 30
39 54 65
11 36 13
92 125 67
11 87 67
28 50 86
37 47 90
52 141 73
81 129 34
88 187 88
10 108 91
65 157 74
84 95 81
48 125 8
14 74 19
36 95 92
45 139 43
78 136 62
33 97 51
55 116 45
56 119 63
57 77 29
64 161 53
71 149 84
91 168 38
62 104 43
67 118 7
8 58 92
83 91 45
11 60 100
33 110 5
99 121 73
36 40 15
79 168 76
90 97 47
83 117 68
59 136 90
94 189 90
78 94 10
86 91 22
96 151 85
83 150 11
19 98 59
36 99 13
18 21 56
0 56 29
77 144 35
94 110 59
3 49 85
5 26 51
3 84 10
53 60 7
26 103 60
57 145 54
11 13 28
4 45 62
88 159 95
91 140 77
67 110 86
32 108 56
75 171 73
13 17 64
58 81 21
84 88 29
70 89 23
0 87 30
2 25 58
66 74 87
26 69 81
11 55 51
56 64 61
78 81 52
94 109 10
5 17 7
86 123 84
57 148 28
13 92 20
2 55 9
9 56 5
65 76 46
13 40 96
26 120 34
23 111 56
80 112 57
80 163 85
7 75 77
32 72 63
98 155 3
51 99 12
61 131 60
81 108 44
61 69 41
15 46 87
56 66 10
35 47 56
84 170 5
5 77 48
96 143 94
49 147 30
8 35 74
62 69 6
8 22 67
48 134 99
56 80 3
28 111 91
2 3 97
85 146 70
72 130 55
44 112 76
60 91 56
34 110 36
13 16 88
24 79 9
77 88 20
18 81 29
99 147 6
46 78 5
50 114 62
58 124 35
92 177 39
3 103 19
40 73 61
84 143 20
77 106 37
58 158 28
95 150 93
39 91 79
31 114 48
16 75 72
73 132 9
26 90 40
41 84 79
69 89 84
41 45 60
74 105 8
29 76 22
21 46 50
54 123 43
67 130 84
56 84 74
73 122 44
4 27 69
51 142 94
23 35 90
34 86 75
26 76 92
98 108 91
76 166 61
64 124 24
75 168 20
71 135 36
34 123 17
45 132 2
80 126 47
52 150 31
89 145 19
60 128 38
26 38 45
97 165 27
30 77 92
12 28 96
42 91 65
30 110 71
92 108 73
81 84 35
57 156 64
14 15 64
8 67 82
42 130 12
17 67 13
60 154 51
15 102 66
23 37 21
22 94 62
37 84 62
90 132 79
67 91 24
62 127 31
26 108 79
98 142 56
70 170 43
26 97 13
61 123 90
25 79 46
16 56 93
65 127 95
46 67 49
89 154 59
65 127 80
39 60 1
94 149 38
77 164 58
12 107 8
71 126 69
91 178 56
71 168 72
72 139 100
9 55 68
28 46 28
49 120 31
99 186 12
68 71 57
85 125 2
76 97 66
94 122 21
20 27 85
24 103 88
34 96 36
6 102 50
91 117 12
3 18 36
72 108 50
8 63 84
90 123 16
34 91 18
24 51 57
92 185 42
40 131 52
72 119 65
66 146 97
49 116 15
52 117 50
42 78 25
70 116 30
33 132 11
0 15 58
20 97 43
80 99 4
57 89 50
89 152 24
15 40 46
1 73 76
78 130 72
57 141 74
49 123 58
90 162 58
94 124 54
8 24 32
24 61 64
0 59 21
80 160 18
27 38 3
87 108 7
15 82 20
14 72 1
96 156 48
74 133 46
44 144 55
3 59 15
95 177 14
88 161 91
10 87 6
16 54 57
54 151 61
80 169 89
28 96 43
23 57 51
17 45 35
25 75 83
45 111 25
95 110 97
12 90 24
56 59 39
72 108 18
82 143 90
26 126 53
24 87 70
7 84 90
95 164 28
58 95 53
32 72 30
28 61 66
56 60 19
85 164 89
64 123 79
36 37 60
4 84 46
92 127 18
55 141 67
28 82 36
22 96 45
28 119 34
2 17 32
25 76 64
22 93 33
76 104 36
42 92 12
88 169 62
69 131 94
95 144 77
38 135 16
56 74 12
68 136 21
7 15 100
55 145 48
5 15 77
33 72 55
6 75 52
83 180 39
1 72 98
13 105 41
3 96 33
57 110 10
76 113 22
11 95 7
13 46 6
53 67 66
97 118 100
95 173 85
45 119 3
63 140 2
77 100 88
0 59 96
26 57 35
36 92 48
29 36 9
47 134 75
55 93 60
90 99 28
60 78 2
83 103 73
92 144 19
92 150 4
74 112 64
31 92 55
86 90 47
16 111 35
16 75 92
40 50 42
65 127 23
24 121 52
5 94 2
12 95 43
95 165 48
60 122 80
51 89 66
72 111 40
51 62 28
15 56 80
59 148 15
77 124 20
56 67 77
59 83 49
38 75 22
94 101 80
53 145 22
64 81 54
13 74 16
27 68 32
87 184 1
37 64 43
72 166 4
2 50 15
66 122 65
54 109 8
15 62 88
99 152 34
84 135 83
15 30 50
61 110 80
98 104 69
55 98 65
70 156 98
63 137 43
80 95 42
62 66 18
86 138 64
50 142 17
8 75 51
0 20 37
92 170 82
90 173 41
71 74 42
1 20 61
15 66 50
83 179 19
71 141 44
69 169 10
50 64 91
80 137 53
66 91 30
19 113 75
18 63 27
46 119 100
62 140 42
40 41 36
21 87 2
83 164 42
22 63 14
58 147 3
7 104 11
37 59 25
11 30 82
16 60 62
78 155 89
35 122 99
30 49 80
71 155 51
90 102 58
3 78 64
46 100 68
26 30 37
67 125 43
74 118 6
85 112 68
39 128 19
31 42 83
45 79 22
29 45 57
11 64 4
0 90 98
56 102 100
28 32 84
44 92 50
7 9 39
5 9 30
34 120 60
2 60 19
11 66 34
86 102 46
63 142 100
44 105 82
77 126 31
28 49 58
32 49 2
5 50 59
53 63 8
25 45 8
24 84 3
87 117 87
78 127 38
82 158 95
15 105 11
35 134 43
76 96 76
31 50 14
0 34 32
99 146 83
74 128 26
3 16 92
4 29 63
94 183 34
44 50 44
79 173 6
73 75 95
58 66 14
90 148 90
30 119 45
43 139 14
36 49 15
34 134 39
8 72 6
42 96 75
61 116 41
93 152 43
89 136 76
21 37 73
40 126 47
48 108 39
45 106 5
23 120 50
97 130 62
47 78 92
49 115 42
86 167 55
82 154 35
12 106 17
76 78 25
22 34 36
29 102 13
6 48 5
13 97 45
57 134 38
25 47 11
93 175 60
43 86 57
30 31 97
88 133 46
12 97 14
43 105 66
4 104 88
47 72 55
34 65 70
60 76 83
30 45 11
6 94 81
66 73 26
68 151 6
41 84 79
99 166 74
83 163 47
71 136 18
55 109 29
71 137 31
57 91 41
35 100 84
84 92 2
31 36 14
78 163 29
3 18 52
96 178 32
20 24 97
29 71 90
12 56 16
67 162 13
94 128 68
7 104 59
42 127 43
37 65 97
40 121 44
57 148 2
76 91 96
66 112 54
21 111 39
17 85 54
76 117 86
93 158 28
54 138 52
54 76 51
10 91 2
17 37 47
81 97 73
44 46 48
83 164 76
16 116 81
31 95 92
84 111 27
57 139 50
37 69 22
18 111 83
18 114 28
50 141 61
95 159 62
57 96 78
67 125 51
84 159 54
31 40 50
80 91 31
87 103 8
9 35 7
59 115 43
39 95 47
84 104 65
27 97 52
0 13 91
68 136 56
21 81 84
2 65 30
46 51 27
86 128 31
47 93 8
14 83 90
52 137 66
50 59 15
49 106 81
76 97 21
35 98 9
85 164 15
12 60 47
13 112 51
8 55 11
15 71 82
76 116 15
95 153 18
13 97 68
31 130 90
22 76 50
63 70 91
17 46 31
67 110 28
96 191 72
4 36 13
36 115 31
27 70 70
55 152 61
27 36 74
35 118 44
3 90 25
57 76 68
80 162 19
9 99 67
58 85 86
46 47 95
8 48 98
59 143 24
79 153 61
57 91 18
36 85 63
10 15 53
98 131 58
0 39 49
47 101 40
9 55 23
87 105 52
1 2 62
24 83 10
52 141 17
31 94 83
8 70 90
19 83 94
0 52 9
40 124 18
90 163 18
95 107 61
21 118 90
76 165 90
4 85 29
29 129 9
22 100 33
74 129 67
29 106 28
56 105 93
74 158 36
30 80 49
43 125 26
85 122 71
21 24 73
90 141 78
24 73 33
17 73 100
90 138 45
66 77 35
5 44 30
22 117 17
53 101 88
52 131 93
88 90 36
34 70 49
86 114 2
53 117 87
14 89 58
56 100 32
32 39 63
41 89 25
21 76 7
2 72 36
12 64 71
2 5 39
72 144 53
71 140 2
30 34 34
57 137 1
94 119 15
15 96 88
69 157 3
13 97 28
69 162 4
60 136 93
83 98 9
9 37 15
71 144 47
84 136 90
0 96 86
0 72 3
7 75 80
54 78 9
80 103 95
92 119 39
93 170 70
70 161 52
85 100 85
77 111 72
0 27 72
37 118 89
87 183 19
56 138 74
78 95 11
12 18 76
2 9 47
24 57 46
63 97 89
53 91 77
46 61 86
12 34 11
95 107 43
17 111 72
34 87 95
72 120 74
13 39 29
26 59 28
0 72 31
79 168 55
81 88 34
70 121 60
14 74 67
14 63 34
5 11 4
35 82 29
21 91 84
18 40 72
97 144 51
74 83 57
75 120 40
26 42 15
14 78 23
98 128 32
10 42 19
40 109 36
24 78 88
79 171 79
40 131 60
55 89 85
76 127 9
82 168 21
99 167 83
52 105 50
88 142 64
50 126 54
41 109 44
30 77 41
99 144 60
90 135 67
61 115 72
11 38 46
22 84 22
69 143 95
34 78 4
9 70 60
65 74 71
95 126 97
49 62 7
10 42 60
55 82 24
83 153 22
86 185 99
81 148 36
39 136 7
76 80 34
39 54 16
53 72 92
59 114 9
74 145 7
0 18 28
43 110 32
57 80 60
98 139 7
16 79 35
68 81 57
34 64 15
70 137 37
86 90 42
92 160 44
39 70 47
4 87 55
58 139 52
75 107 81
2 10 74
38 66 73
58 123 82
56 74 41
77 154 87
23 56 48
55 58 11
96 146 86
3 98 64
40 61 46
96 100 88
89 107 43
73 115 75
14 23 43
6 39 18
27 54 24
88 156 88
88 148 50
60 120 79
35 130 69
16 87 48
6 102 23
34 54 19
79 98 13
