414 35
6
346 96 274 391 354 375
7
250 407 240 50 275 178 206
1
258
2
275 328
2
292 96
1
43
5
139 389 247 137 308
10
149 190 148 329 56 224 283 166 36 278
4
99 46 47 36
1
386
4
100 42 269 103
4
383 339 65 226
5
168 255 140 196 393
6
96 338 22 109 152 288
2
136 298
0
7
147 258 360 64 309 43 366
7
239 193 109 170 214 229 136
7
374 235 96 377 259 333 169
6
280 154 113 398 109 69
10
67 183 79 85 269 114 36 51 102 100
7
42 179 19 286 239 353 163
10
6 256 111 393 354 347 219 208 291 66
7
372 297 70 17 337 96 87
3
286 288 72
9
350 101 295 243 86 333 249 282 221
7
240 305 144 260 108 413 316
9
32 384 320 174 397 46 128 408 273
3
140 282 391
6
411 213 46 104 73 145
2
202 22
10
199 336 251 170 210 205 162 97 298 299
10
318 102 226 241 406 392 187 400 23 233
2
378 275
8
395 177 121 160 259 382 263 410
8
350 196 39 53 113 223 152 318
6
358 84 342 78 145 374
1
364
2
82 280
5
193 396 195 255 25
1
140
5
357 332 119 167 58
6
406 220 264 72 217 110
6
290 212 193 168 390 104
3
150 298 200
1
254
7
40 253 346 390 47 410 117
8
42 117 387 396 280 265 131 304
6
334 114 256 4 291 33
3
382 191 16
5
56 284 342 268 405
0
10
283 173 25 388 171 140 231 405 240 279
0
2
213 313
3
80 183 290
5
383 145 285 238 245
7
178 177 249 140 32 366 150
5
45 194 309 147 263
0
0
6
111 240 66 48 126 227
5
148 212 249 279 183
5
171 202 248 356 140
1
55
6
243 171 105 71 200 166
5
14 237 177 274 410
5
43 3 224 374 293
2
392 342
5
239 48 288 224 246
10
296 208 33 330 91 379 56 191 26 345
9
121 103 211 221 18 234 136 113 347
2
252 315
10
370 65 17 385 263 268 262 107 389 148
8
310 26 26 228 29 57 68 153
10
120 72 12 405 47 121 24 361 171 195
1
279
7
249 315 332 280 233 382 193
5
127 197 11 175 354
9
222 40 347 294 397 387 10 89 157
6
367 176 310 93 63 322
10
144 121 215 404 132 299 311 145 195 18
0
10
241 162 138 371 81 330 245 74 327 326
5
81 36 146 115 293
7
188 186 252 74 299 259 66
4
142 352 391 64
3
196 408 114
5
118 85 80 389 148
4
5 298 88 61
8
83 363 183 384 172 280 309 10
8
313 337 34 12 249 22 41 393
7
268 228 320 9 351 243 239
7
27 151 30 198 342 260 21
3
58 313 87
4
20 388 260 395
6
116 153 8 335 290 209
3
6 65 214
3
281 248 176
2
310 132
0
3
310 371 32
7
181 43 103 24 136 357 38
1
24
3
203 90 275
7
318 368 22 183 270 345 71
7
359 244 123 329 122 286 252
10
114 364 256 103 94 193 178 128 52 232
7
152 270 41 351 82 6 205
2
132 268
7
408 149 413 314 255 112 37
10
8 65 18 10 51 135 384 390 47 157
2
369 247
1
85
2
376 265
5
385 70 123 83 337
1
63
0
6
333 406 61 238 255 174
7
125 11 321 236 341 70 247
6
408 301 413 260 263 361
7
284 372 399 185 123 178 182
10
160 210 296 356 59 346 212 104 371 76
10
308 126 386 126 152 178 299 81 277 100
4
36 73 271 199
10
181 128 73 21 174 221 226 101 352 245
4
306 97 327 85
3
343 300 202
1
218
6
19 208 112 250 311 278
2
351 50
7
267 121 154 30 172 185 198
6
82 348 0 86 160 359
9
25 262 332 373 406 142 163 300 369
2
104 404
0
1
223
5
83 373 413 111 216
8
381 269 166 65 196 34 309 186
9
102 298 380 22 113 355 398 364 56
2
353 296
6
23 224 171 409 313 308
5
380 220 128 156 255
2
150 209
4
20 375 135 91
4
402 248 141 394
8
384 61 145 313 100 67 360 111
3
336 5 4
1
207
5
98 307 323 344 376
7
345 387 191 273 139 344 308
10
150 320 298 90 248 164 50 361 398 289
2
21 9
2
284 195
1
372
7
204 179 215 375 390 45 307
0
5
182 125 161 371 131
6
97 36 64 26 165 89
10
270 400 83 32 336 275 303 149 297 116
3
130 320 117
4
255 158 410 103
6
385 67 9 387 402 346
9
62 236 169 164 21 158 292 243 237
6
174 129 273 181 202 345
5
252 271 10 228 393
4
82 221 271 311
8
108 2 75 94 217 123 168 324
3
339 258 382
6
257 213 142 276 48 127
1
315
7
305 181 213 64 392 149 354
3
75 179 202
8
232 196 242 97 47 260 279 59
9
390 74 122 20 371 389 97 40 108
0
4
401 12 135 199
3
322 140 175
2
251 201
8
184 263 175 352 83 310 27 289
9
261 231 226 176 79 223 83 125 413
5
232 317 11 341 356
1
400
1
231
3
67 378 67
4
196 387 33 397
10
52 227 311 4 318 105 25 21 25 292
7
7 331 4 257 255 44 149
7
403 0 402 75 252 134 374
1
222
10
250 234 286 118 304 5 355 355 18 291
0
10
30 81 336 61 309 392 202 304 319 154
2
152 284
8
306 217 344 120 216 318 312 217
0
6
271 144 335 236 78 364
3
294 221 327
8
239 90 138 379 223 168 169 274
10
215 120 156 245 90 28 243 227 330 397
2
168 93
4
270 198 84 411
3
406 412 51
0
10
152 185 371 374 264 189 382 357 94 58
2
230 62
0
7
154 332 195 48 222 179 71
3
225 36 276
10
131 177 254 156 10 219 338 356 301 150
7
352 213 151 321 1 130 34
7
391 281 256 345 184 49 385
10
73 5 388 226 283 357 194 245 295 157
6
314 338 380 286 44 256
2
236 272
9
111 159 42 298 312 81 306 127 16
0
3
376 90 268
5
159 366 278 176 37
7
97 311 148 370 42 89 106
9
344 297 292 223 103 326 266 355 403
7
303 351 79 123 198 322 370
5
169 373 170 159 199
2
44 83
3
389 181 83
6
191 155 87 180 21 322
9
77 206 138 347 199 334 328 133 60
4
2 124 371 288
10
390 235 106 145 285 142 413 378 212 304
7
28 68 176 183 309 194 286
6
309 141 182 57 379 50
9
153 286 226 66 66 196 66 201 201
5
111 6 234 46 19
0
3
363 388 167
7
60 310 326 254 138 354 219
8
20 255 284 318 4 202 143 249
0
6
94 113 5 192 9 107
3
21 64 291
2
82 281
1
137
7
403 52 61 61 39 108 185
8
293 44 400 26 259 180 240 289
3
217 228 176
5
332 213 277 204 350
10
167 410 284 363 88 19 223 307 187 378
4
76 95 214 56
1
385
2
139 263
3
314 237 99
1
363
10
236 268 92 86 177 71 45 412 11 216
10
159 376 261 328 376 226 180 351 180 204
9
88 391 30 273 126 350 288 8 368
0
1
155
6
183 164 310 33 17 389
9
374 177 158 297 216 110 19 212 245
8
196 148 256 188 345 144 302 23
8
8 172 80 363 163 336 243 9
7
221 299 245 287 252 301 98
4
379 147 229 196
9
402 377 86 253 73 136 340 268 60
0
0
9
146 363 369 127 338 130 286 279 313
5
216 367 237 5 215
8
129 35 307 334 378 157 110 282
10
367 343 21 111 15 51 19 14 334 256
5
324 316 183 111 23
0
6
221 7 395 357 122 94
8
104 4 347 22 95 208 287 288
3
161 213 171
2
111 236
0
6
189 73 89 147 268 84
1
388
7
334 175 330 176 406 184 31
3
13 306 239
1
64
5
191 93 275 209 235
2
54 278
9
305 275 209 160 69 391 112 184 4
1
66
3
377 275 300
3
380 243 251
6
38 150 391 109 380 10
4
126 321 85 285
6
392 18 175 165 190 203
4
280 46 253 276
9
365 27 174 151 245 256 214 360 373
10
331 256 84 189 18 168 296 12 277 125
6
316 213 227 397 343 70
2
288 292
9
67 276 211 219 124 29 145 123 404
0
7
177 16 137 287 382 22 299
3
380 337 293
0
9
50 315 66 380 33 282 214 7 339
3
247 304 76
8
136 268 171 69 200 383 237 142
4
393 100 289 246
1
35
9
119 407 147 76 11 117 208 221 80
0
5
219 406 294 191 263
6
411 55 350 385 226 105
5
79 359 218 28 327
5
33 176 55 321 21
4
301 130 321 377
4
129 45 123 149
3
5 363 256
10
141 319 170 287 208 336 56 0 238 192
3
217 349 5
4
231 52 360 187
9
276 355 240 351 31 172 201 180 42
9
286 332 333 258 174 323 10 254 230
10
130 18 137 114 357 138 165 327 249 310
2
296 382
5
164 59 5 204 1
10
282 34 217 362 395 353 330 215 192 308
4
169 386 12 339
9
354 112 291 22 316 258 350 152 405
2
244 47
10
273 128 309 99 43 75 295 323 237 179
9
370 212 170 156 302 66 283 103 218
5
94 275 65 389 348
6
394 396 401 49 182 111
1
321
4
108 145 143 159
5
274 99 323 67 193
3
49 286 160
6
401 235 9 398 182 318
8
159 271 176 278 37 20 13 358
4
319 173 307 344
4
142 134 404 114
1
40
6
27 391 125 102 168 102
6
114 281 183 316 210 363
4
251 346 361 74
9
156 310 50 56 149 263 4 1 175
9
82 122 289 210 254 58 302 189 321
0
2
22 378
8
291 330 314 229 186 339 5 55
7
357 400 79 413 327 292 136
9
170 141 96 205 324 375 27 198 236
5
1 260 354 331 244
9
116 8 277 373 152 144 193 209 262
6
202 163 119 33 283 314
8
360 62 235 21 40 307 142 11
3
31 275 261
2
345 138
3
191 282 122
5
153 219 194 45 152
1
257
3
65 270 16
1
61
1
375
1
115
5
303 269 37 271 125
6
342 8 130 10 171 101
2
169 135
2
108 50
4
203 372 256 292
9
308 194 4 259 342 127 243 146 102
8
36 379 90 306 156 67 60 261
6
230 120 140 276 282 109
6
161 65 29 156 118 365
10
84 303 165 295 112 92 356 343 239 250
0
1
303
4
285 359 59 69
3
100 268 137
4
41 123 115 81
6
387 51 94 355 116 270
6
162 17 23 278 117 111
1
57
4
396 143 67 181
1
403
0
5
400 268 133 238 193
6
8 205 356 411 299 325
8
227 20 185 372 365 224 23 254
0
7
11 404 358 181 208 64 360
4
266 135 49 370
0
7
209 14 397 215 170 119 197
4
355 251 213 143
5
362 405 288 75 410
5
252 256 263 332 29
2
295 19
4
124 144 266 264
9
255 331 76 86 34 205 172 20 182
4
139 384 312 177
5
405 14 170 301 34
10
235 389 13 132 209 299 64 347 223 125
6
226 252 73 150 228 79
8
360 265 404 69 277 168 115 238
3
42 123 392
1
221
10
241 38 95 408 24 40 147 159 323 302
8
139 293 232 32 294 166 394 356
0
4
122 119 201 311
3
204 12 98
7
20 137 180 222 384 219 13
7
52 284 37 263 14 5 20
10
258 58 327 21 234 328 248 126 348 149
5
408 90 109 5 101