1000
36
194 3 194 154 25 20 42 97 6 97 132 9 131 72 34 159 196 70 153 119 41 158 186 53 128 110 62 174 119 76 54 157 67 181 109 145 
32
78 146 115 78 140 69 70 60 5 133 167 11 105 4 132 34 51 80 177 49 10 95 37 36 117 166 195 198 91 126 37 55 
25
164 122 92 10 147 48 18 187 151 85 126 145 17 151 164 138 138 68 2 140 166 107 191 128 191 
11
150 46 131 24 65 84 27 82 116 152 56 
13
192 69 156 172 56 66 42 12 163 37 180 73 174 
31
199 20 21 145 37 171 142 149 63 176 139 23 12 158 170 10 106 147 26 55 160 161 92 72 157 95 4 138 97 165 146 
35
183 101 169 149 3 76 92 122 61 135 72 118 194 43 106 52 124 4 133 173 142 87 32 62 37 132 146 164 78 99 147 36 96 32 160 
29
14 184 2 163 36 163 84 85 162 116 111 57 138 131 12 76 26 131 70 33 39 199 73 32 30 160 59 93 88 
12
149 76 49 197 13 194 13 102 180 62 96 29 
7
63 144 26 164 183 146 129 
17
77 165 100 102 17 54 64 15 96 105 167 76 143 146 172 145 187 
23
126 171 159 72 83 20 96 58 190 160 74 24 116 123 126 20 87 173 139 50 37 43 48 
7
43 130 156 114 51 138 20 
45
150 182 3 125 66 36 81 197 155 85 18 32 32 154 191 161 69 168 82 190 54 155 90 139 163 163 127 8 86 108 103 92 33 8 71 92 37 193 37 52 78 14 178 128 82 
4
141 31 120 14 
32
181 197 130 26 92 57 193 172 158 48 139 113 74 5 85 46 16 137 48 186 130 161 151 38 50 150 53 132 130 61 200 176 
20
182 86 92 110 162 34 80 25 158 35 38 87 5 2 68 14 17 86 162 109 
50
149 187 114 143 49 120 102 96 52 136 94 7 162 84 151 51 106 30 52 44 64 154 167 21 50 109 74 18 197 138 32 115 43 171 14 177 91 133 63 22 150 172 152 1 25 85 185 102 156 83 
47
164 69 96 198 184 106 197 63 160 49 22 136 177 166 68 96 97 97 14 178 145 104 154 182 66 144 84 146 145 76 41 101 21 112 198 121 4 125 113 154 69 40 153 119 1 185 18 
22
123 5 192 121 70 41 109 179 14 180 13 173 158 143 158 147 169 75 118 130 172 103 
22
23 96 173 177 171 133 48 71 95 50 69 159 122 98 138 185 36 32 103 156 102 99 
20
93 57 84 76 52 63 52 157 147 58 91 76 112 79 59 32 161 13 123 195 
19
72 31 65 51 173 117 30 92 154 154 51 35 20 67 61 118 35 32 122 
25
198 26 192 107 62 14 28 131 146 41 52 163 191 59 170 93 193 64 13 107 123 161 149 115 167 
8
59 126 130 116 51 138 183 42 
21
181 94 161 129 138 41 73 100 8 59 200 88 165 174 94 184 179 191 139 49 25 
15
44 106 82 9 140 11 42 115 127 11 196 163 106 18 8 
49
22 63 154 25 100 135 183 125 122 179 97 177 155 68 9 168 61 182 171 138 60 158 29 4 20 17 186 55 187 155 27 72 21 137 61 59 105 171 110 5 121 105 96 37 159 89 64 45 154 
31
24 59 72 169 160 62 198 78 52 184 130 153 127 95 169 102 197 47 53 1 102 80 30 32 126 199 74 181 1 147 175 
14
60 22 148 199 46 95 200 52 110 96 34 111 150 33 
33
41 45 120 10 53 179 50 142 179 85 163 23 155 104 54 47 135 114 113 76 197 60 17 110 88 115 13 135 194 30 1 35 40 
8
130 190 130 33 80 109 149 42 
31
172 159 145 169 47 31 199 192 84 94 132 32 150 22 41 2 188 101 178 124 104 125 32 105 180 44 125 30 102 11 65 
50
44 54 145 49 122 47 47 117 33 55 84 154 65 193 18 195 23 148 151 150 186 150 107 113 79 40 186 48 61 66 197 69 43 27 147 162 181 100 29 197 109 50 192 96 38 127 195 165 91 132 
13
3 38 5 134 143 13 177 125 9 87 180 139 90 
21
43 196 87 139 91 159 173 109 38 178 49 22 11 151 170 100 105 40 158 88 23 
5
197 193 59 160 174 
26
174 127 117 190 65 198 13 17 166 127 111 133 68 160 95 120 128 188 152 174 29 166 124 155 81 64 
5
151 35 73 195 43 
6
149 146 74 145 71 96 
34
194 122 1 130 154 109 175 181 116 12 185 197 110 107 136 43 21 70 142 195 125 91 171 44 106 41 53 68 56 114 139 3 123 20 
10
150 60 61 93 132 105 140 3 93 48 
7
31 182 135 52 32 16 83 
31
75 137 132 150 35 82 97 196 171 63 5 120 66 174 37 93 60 39 36 184 57 186 46 79 85 29 61 104 132 164 187 
20
119 83 157 122 182 40 160 199 4 35 164 107 138 39 17 160 153 90 129 164 
20
96 76 85 189 38 42 28 76 146 105 138 90 48 11 175 116 56 146 113 129 
43
11 185 8 163 181 90 176 138 52 67 106 19 31 164 132 149 154 125 141 118 40 145 33 84 104 185 104 135 155 22 55 66 128 62 66 168 20 40 108 67 9 194 85 
29
74 191 142 157 40 15 164 172 164 46 87 162 114 62 38 145 22 64 129 164 125 94 139 24 91 100 162 8 76 
39
139 184 153 186 199 35 10 21 188 152 114 20 193 199 91 168 147 90 127 133 133 70 128 76 175 9 125 84 61 165 145 112 26 138 137 2 74 83 10 
34
161 14 77 39 83 23 192 173 57 86 155 80 148 68 43 118 98 117 150 44 82 87 180 143 165 162 22 121 107 199 149 64 167 34 
16
83 145 76 78 54 62 177 173 78 117 121 131 78 40 18 187 
26
181 162 128 85 65 82 170 173 192 126 184 69 155 89 92 53 182 117 119 50 12 192 17 81 130 170 
47
56 190 67 167 168 50 185 139 87 64 103 163 162 187 186 85 31 31 37 55 128 87 68 200 28 137 61 84 143 64 186 147 154 190 27 94 157 44 169 135 25 47 21 29 10 8 191 
41
9 145 131 128 128 159 45 116 119 120 61 185 140 139 70 34 166 198 168 101 162 31 29 146 54 51 65 43 75 197 10 160 33 148 39 106 162 147 37 97 96 
14
117 69 186 86 121 181 105 73 101 200 50 41 194 102 
6
127 13 57 176 52 199 
39
129 156 125 42 137 167 24 66 59 165 199 91 15 78 160 58 7 147 133 18 89 4 51 24 173 135 62 44 38 1 89 102 85 149 90 106 193 14 145 
40
107 67 8 55 158 158 102 68 28 128 150 79 91 93 125 36 86 23 9 63 96 26 36 94 147 3 200 41 118 142 44 31 134 74 13 6 131 115 136 175 
3
60 131 27 
22
47 171 166 163 171 80 111 130 185 141 88 101 179 44 57 173 176 127 187 142 104 176 
43
11 73 41 38 2 36 120 195 129 143 74 74 111 8 81 31 144 42 112 26 56 23 139 14 89 19 43 132 40 40 191 83 89 35 102 150 59 123 161 147 5 161 46 
21
16 168 46 155 135 187 56 78 176 101 79 173 102 169 166 92 112 174 140 185 97 
16
83 116 146 116 122 134 189 88 82 159 8 65 101 16 105 53 
24
73 89 168 101 81 41 182 180 32 9 111 125 50 24 142 147 42 53 77 63 136 60 33 26 
13
172 78 72 177 13 95 65 40 166 84 26 78 101 
6
32 172 24 189 20 161 
44
111 162 77 126 194 140 85 38 200 83 84 103 139 181 91 108 163 98 157 69 165 200 97 30 1 47 52 185 142 183 186 40 20 173 41 122 165 165 91 167 144 89 150 135 
36
55 33 76 62 184 173 152 79 109 77 144 142 132 52 168 101 9 122 137 153 112 18 197 75 158 155 75 135 39 185 62 118 137 151 104 84 
24
76 164 31 51 119 8 194 116 183 1 6 181 140 89 76 6 4 131 33 19 19 167 198 169 
16
9 115 129 194 140 168 5 53 36 80 136 66 97 178 83 59 
35
149 65 108 66 191 195 35 127 146 176 174 22 19 84 13 20 65 2 53 61 127 20 190 110 158 31 146 71 106 60 19 127 126 96 119 
35
22 189 138 143 66 73 185 149 106 60 158 98 43 8 141 61 108 177 34 76 173 179 36 31 157 179 34 181 77 118 17 77 87 157 167 
15
69 162 135 94 143 76 105 137 165 6 85 90 20 47 188 
33
153 194 3 180 184 45 37 77 167 62 52 110 44 170 156 46 159 39 28 175 93 25 154 67 131 2 89 128 43 58 10 118 174 
41
164 34 134 37 105 147 39 78 31 57 153 13 103 37 52 53 125 60 73 62 29 173 145 127 78 58 93 143 110 51 97 61 154 77 133 16 72 74 177 49 91 
40
100 173 26 152 177 38 77 159 103 72 21 163 172 41 160 20 197 74 93 52 164 42 186 154 159 2 167 63 97 171 118 150 15 19 2 1 25 71 89 134 
16
122 176 8 134 188 9 170 152 22 27 174 117 9 71 180 128 
18
162 190 59 48 195 144 174 166 19 117 152 172 44 156 39 41 56 97 
35
164 31 112 41 111 116 13 183 30 149 79 53 57 141 115 3 124 39 68 7 112 121 7 130 106 91 125 2 145 82 90 164 85 134 83 
47
19 92 125 62 85 113 31 26 54 44 137 198 163 21 174 4 45 64 93 11 179 9 14 134 5 27 151 95 163 41 126 120 179 63 169 198 90 38 105 187 146 26 21 118 73 122 139 
5
186 12 177 79 157 
34
42 128 193 5 36 106 58 164 6 134 69 41 70 148 65 24 56 67 176 189 179 97 26 25 190 187 82 136 32 67 58 43 141 19 
20
85 36 2 110 4 101 154 37 109 96 178 69 84 1 175 28 79 111 178 122 
40
83 166 154 74 94 65 31 119 12 173 172 55 52 193 99 172 73 144 94 129 163 166 100 189 198 155 28 110 93 29 13 70 79 62 38 29 167 151 97 74 
37
167 170 183 160 133 157 40 21 134 133 79 90 131 17 16 37 170 66 196 48 127 183 108 141 22 169 76 62 144 75 89 74 8 8 105 156 129 
42
53 38 30 134 101 51 5 57 104 97 81 162 70 157 106 85 165 1 171 184 68 128 88 136 24 83 146 83 200 164 137 9 23 7 164 3 53 16 152 94 154 135 
43
145 9 16 156 153 196 175 145 142 138 57 171 86 41 78 34 39 146 131 89 146 144 68 22 11 92 190 24 125 1 194 141 98 79 197 199 176 46 36 67 79 64 117 
6
63 51 41 27 47 1 
28
109 80 78 169 182 40 150 192 42 170 169 22 147 58 52 119 129 70 45 179 14 137 19 72 59 73 63 31 
27
24 27 17 162 15 69 155 137 102 191 180 153 33 151 143 120 165 62 43 85 168 32 152 61 37 39 133 
30
151 19 173 115 61 186 24 74 52 160 189 98 10 171 124 176 70 22 1 130 134 184 102 136 192 104 136 69 130 176 
41
192 44 75 134 138 107 27 86 11 1 75 187 6 16 62 157 197 38 171 137 50 145 38 193 140 43 83 78 50 65 17 176 23 126 113 174 130 61 106 40 16 
9
171 25 177 99 148 51 196 195 137 
31
159 147 67 67 31 6 125 118 192 25 88 54 153 88 20 153 24 104 171 114 197 151 59 44 70 87 121 97 159 170 36 
1
51 
32
21 158 11 131 145 196 186 51 176 102 51 46 125 51 167 111 106 24 95 159 64 183 186 9 56 117 155 39 161 17 123 27 
24
175 134 32 67 173 28 174 180 165 167 92 2 33 20 191 83 37 72 137 181 134 176 189 86 
37
165 87 67 30 170 153 4 194 139 103 64 196 76 140 50 95 195 117 55 94 107 100 114 15 110 55 190 198 142 126 152 186 40 44 175 76 77 
47
145 35 30 70 123 181 12 177 20 24 2 47 46 95 143 56 19 88 163 79 152 66 198 1 48 3 112 44 72 64 16 3 154 14 100 183 8 132 137 186 111 156 200 69 166 175 85 
50
97 21 77 131 22 14 156 89 155 82 185 129 18 4 62 145 59 22 95 120 52 134 198 187 23 14 185 187 96 58 41 76 106 74 151 137 189 14 157 83 21 9 23 81 58 7 148 88 112 64 
1
115 
29
14 64 15 64 91 9 45 58 84 94 99 88 82 78 4 184 111 189 82 154 93 118 174 179 98 86 47 125 104 
29
54 23 9 67 18 70 7 133 23 120 33 17 194 136 2 180 127 19 164 120 131 142 2 67 118 42 67 191 136 
13
97 55 52 78 177 58 41 29 78 135 181 13 174 
22
77 14 62 7 40 91 1 25 138 173 76 160 187 90 165 12 15 174 33 99 17 76 
20
178 80 193 179 189 156 77 14 112 105 190 178 49 34 11 51 149 81 19 46 
41
155 40 156 113 169 115 74 49 144 60 101 175 58 117 132 122 198 173 110 20 114 188 138 96 25 8 77 199 199 195 189 183 200 198 164 17 185 23 41 45 63 
38
25 108 124 15 131 34 32 192 88 46 123 12 145 15 88 53 83 109 22 123 37 64 104 59 154 153 132 87 114 36 65 75 67 78 129 49 93 81 
42
162 82 81 97 74 172 186 149 62 33 160 186 109 122 139 54 184 137 5 54 152 56 9 194 114 47 121 182 1 141 92 140 96 160 82 95 90 71 46 171 112 148 
9
136 182 111 82 62 155 86 72 146 
24
73 40 118 140 81 152 158 49 72 197 150 165 188 77 98 104 22 181 166 183 199 60 4 59 
49
195 91 8 35 135 28 80 183 13 64 76 54 32 54 142 107 114 33 190 132 85 173 63 60 149 106 133 174 132 193 102 85 137 11 50 150 166 9 200 23 164 126 14 25 141 1 36 112 78 
25
198 179 55 157 157 191 88 195 32 174 186 124 60 92 40 1 101 162 16 197 72 180 97 139 79 
10
162 68 119 67 125 157 98 109 167 22 
42
105 156 45 28 1 139 48 161 37 196 177 14 84 34 179 11 92 121 131 34 145 188 11 43 2 131 64 164 199 160 130 9 62 52 60 124 189 43 57 25 42 137 
33
184 135 159 96 151 25 94 138 20 79 167 81 156 23 60 90 3 4 71 112 120 36 77 84 148 118 190 21 31 137 3 95 63 
11
164 191 7 80 22 148 72 179 190 74 86 
19
149 113 17 120 103 162 189 117 121 57 177 126 199 77 161 4 159 133 40 
48
149 165 158 69 36 54 82 97 14 131 172 142 152 151 42 56 37 92 180 191 198 167 142 67 162 128 90 127 32 149 63 31 142 117 50 171 180 42 95 126 19 136 108 24 99 130 66 102 
1
91 
1
60 
44
74 55 41 141 111 61 80 18 19 63 159 114 132 157 16 91 133 130 61 200 108 160 88 41 12 46 72 163 123 128 96 119 86 113 138 50 169 56 145 97 11 148 196 190 
15
84 126 171 11 152 130 50 107 174 115 198 3 90 98 82 
7
53 145 28 192 112 108 6 
38
133 151 121 145 138 82 173 197 67 10 114 8 164 9 140 122 48 61 127 185 24 126 95 20 171 1 33 106 198 170 60 40 137 30 150 1 6 118 
13
111 110 111 114 128 50 199 107 13 83 154 70 36 
6
98 197 85 104 85 51 
13
33 128 1 150 64 90 181 55 124 91 143 192 81 
39
97 64 191 199 163 55 163 110 169 7 176 57 17 47 38 41 76 89 45 107 81 53 142 110 160 111 118 181 18 124 80 24 58 162 166 101 64 29 100 
48
82 101 1 200 191 5 122 1 98 151 125 46 111 186 175 151 189 21 170 145 200 182 87 147 194 91 108 14 85 58 74 25 199 52 197 154 115 4 169 48 40 45 125 125 104 17 199 41 
27
86 124 114 166 162 154 48 35 88 60 156 119 51 81 1 155 151 185 91 200 175 157 107 98 72 170 180 
4
61 162 120 162 
18
103 164 159 61 4 59 155 19 2 149 17 75 116 144 106 42 72 183 
30
139 11 134 92 133 31 168 26 130 91 168 3 60 79 75 40 187 11 199 68 74 195 165 168 111 185 113 57 136 95 
30
143 11 63 85 130 70 89 12 195 174 64 28 180 35 185 28 117 23 81 121 68 159 107 167 168 114 74 65 122 175 
43
137 113 156 93 180 17 33 59 148 86 194 51 185 115 83 48 66 105 30 83 5 14 136 188 118 109 17 77 60 179 194 178 159 141 1 8 142 91 32 41 197 97 164 
2
171 154 
41
65 81 161 83 110 151 70 55 172 137 130 144 68 78 127 29 95 49 6 7 46 40 6 73 144 50 46 120 23 78 15 170 191 78 57 75 100 178 185 186 159 
3
83 50 12 
29
82 148 163 18 145 98 122 62 77 78 35 71 49 193 199 53 5 152 167 148 77 73 42 108 17 195 96 124 6 
45
113 46 112 3 187 158 98 125 143 116 84 181 159 65 55 28 134 5 193 153 75 79 56 162 84 23 60 112 35 93 157 120 63 4 77 118 74 17 68 12 18 85 127 65 71 
50
84 132 152 83 101 183 170 123 182 89 78 103 165 100 125 112 117 125 194 169 166 193 117 143 4 188 48 70 162 29 71 120 52 78 177 16 126 160 93 197 149 187 27 178 47 10 145 170 193 141 
30
137 45 96 14 85 94 185 131 43 170 143 124 102 2 62 141 187 49 134 162 104 119 59 169 59 17 152 11 6 102 
3
39 95 104 
19
76 86 189 126 32 184 98 170 177 33 51 182 55 158 81 135 93 120 136 
30
18 53 12 81 192 96 96 120 41 65 106 178 72 119 182 192 3 57 54 89 99 164 99 29 149 30 18 22 1 162 
6
72 76 93 181 57 28 
31
10 146 111 41 135 166 184 106 117 18 152 57 122 146 29 115 77 125 49 63 200 54 26 65 162 84 177 94 113 187 169 
7
73 153 39 139 3 13 128 
5
101 161 147 189 114 
32
107 106 166 186 65 61 159 37 93 49 11 110 134 142 147 109 14 60 73 30 27 197 163 140 187 108 155 64 135 169 10 151 
34
102 129 145 183 92 4 6 197 190 107 99 72 47 6 130 68 112 197 176 160 81 153 167 173 41 163 84 18 81 174 115 190 66 43 
22
128 7 194 53 126 133 167 111 57 134 153 110 9 101 10 41 10 165 75 34 195 194 
48
64 134 64 11 128 129 90 24 76 153 139 12 189 45 49 51 53 78 95 157 181 105 9 84 53 141 34 100 98 48 178 23 17 145 132 100 50 161 83 51 8 52 180 64 60 29 46 130 
27
115 78 47 171 14 31 190 73 181 31 184 113 112 77 195 162 37 191 21 93 138 80 2 13 37 197 129 
23
163 176 145 104 155 46 124 76 15 108 197 104 174 135 43 85 88 80 2 168 72 190 58 
49
119 61 166 119 90 12 148 196 26 188 172 102 108 13 94 12 21 163 52 103 52 197 121 48 12 38 102 199 100 156 39 110 116 142 86 68 46 99 139 13 151 117 46 94 49 149 187 183 198 
32
145 146 139 102 119 79 134 83 99 18 70 23 161 156 102 80 68 109 37 191 28 156 117 144 148 69 85 26 182 25 86 63 
4
12 174 62 64 
25
172 140 126 37 74 145 34 139 48 190 69 113 146 92 49 85 16 31 121 78 38 162 11 14 39 
48
95 65 179 33 47 170 58 75 43 37 108 143 144 47 30 84 52 41 27 101 40 196 61 168 130 86 86 175 175 2 128 36 49 134 116 130 2 166 139 70 62 30 175 148 54 92 13 118 
38
124 42 16 28 133 199 102 147 145 50 78 148 65 186 162 168 31 119 6 93 5 43 193 34 179 129 78 32 150 97 17 47 52 148 95 162 124 34 
30
152 73 78 179 40 184 139 75 128 95 142 25 42 101 31 38 60 177 29 151 26 106 52 48 146 181 78 102 172 173 
49
75 92 29 102 130 77 17 31 114 68 139 158 159 86 121 34 19 111 75 102 84 152 162 117 80 100 100 130 163 31 172 38 65 100 119 126 71 17 97 8 3 17 102 51 20 150 116 185 131 
26
21 162 41 95 107 13 187 161 196 141 25 152 21 78 68 99 51 74 37 31 85 173 138 146 196 161 
19
61 52 47 51 75 197 131 2 9 138 50 47 124 154 115 19 122 117 175 
1
94 
34
62 105 92 191 143 67 180 99 188 169 22 4 176 134 35 68 30 130 92 33 39 63 106 90 143 118 81 62 101 10 33 164 134 87 
8
44 124 3 67 148 32 2 143 
32
89 176 38 33 15 174 91 45 81 200 7 23 79 110 33 173 37 182 8 200 125 138 63 145 32 53 115 182 8 25 116 83 
41
125 189 22 26 18 154 59 187 44 86 86 190 6 14 62 123 166 86 102 89 56 29 120 94 142 135 35 26 68 127 123 97 169 55 71 43 90 6 125 162 65 
26
162 143 163 181 190 10 72 63 131 52 171 154 175 42 144 108 175 112 93 78 35 32 113 110 121 94 
2
161 41 
7
107 53 71 192 162 200 15 
12
95 161 67 123 64 169 32 25 9 93 39 200 
49
75 103 86 40 7 103 79 77 65 9 164 76 196 130 43 124 173 23 27 103 38 105 43 194 166 129 38 164 119 174 92 60 12 179 200 3 125 198 97 168 184 179 112 130 14 63 165 184 159 
14
94 157 99 50 38 175 46 196 45 38 126 73 1 178 
22
107 153 53 13 82 178 63 156 169 200 184 102 25 131 137 26 151 11 147 123 1 41 
3
195 151 75 
18
165 156 76 38 95 91 134 10 83 46 20 118 48 73 97 131 162 45 
7
98 50 137 13 48 179 131 
2
125 171 
6
132 28 129 2 39 29 
10
191 106 102 178 198 197 200 185 158 158 
39
163 14 70 144 52 128 144 53 63 3 150 127 169 65 90 104 118 135 110 163 191 171 169 5 15 199 159 90 105 27 83 44 160 105 76 7 130 194 193 
26
178 38 129 195 8 65 91 123 192 153 199 196 52 163 48 108 38 69 39 152 29 182 181 36 155 34 
50
50 18 170 27 28 89 16 4 60 39 63 107 128 114 49 181 67 155 115 146 110 130 179 89 6 170 10 7 127 105 148 92 159 199 131 130 117 200 171 146 111 15 129 197 123 80 5 44 93 58 
7
68 16 24 30 89 136 115 
12
134 19 142 11 79 48 197 179 195 111 178 190 
15
176 45 10 61 200 184 49 63 102 132 59 97 148 44 145 
45
177 116 196 93 163 181 164 200 186 176 149 177 135 148 83 91 51 118 70 96 92 12 144 148 50 14 139 110 112 193 105 75 142 185 83 121 148 27 82 53 200 52 68 89 80 
17
14 197 180 29 153 81 58 88 103 173 173 74 188 134 128 44 113 
7
59 94 107 12 192 91 106 
34
136 174 142 62 143 135 20 116 118 165 198 13 39 50 65 127 58 30 120 141 158 161 78 36 100 96 40 109 173 2 32 70 148 72 
48
197 182 184 113 106 134 21 155 191 53 12 163 190 6 164 4 48 120 115 43 94 148 98 14 141 95 4 47 147 41 8 40 40 51 40 192 156 64 6 43 187 106 106 144 191 173 98 20 
34
73 7 77 109 17 79 49 74 192 29 100 51 11 17 79 198 193 85 22 38 160 181 90 158 193 33 189 36 147 115 197 31 157 8 
19
95 165 53 157 136 190 96 18 178 174 127 65 48 117 128 134 155 97 47 
2
163 119 
21
30 9 196 27 113 172 145 131 126 22 69 95 126 10 140 169 85 156 77 86 89 
33
154 16 148 185 24 166 85 119 102 146 54 116 155 167 46 108 200 148 22 79 4 170 184 116 102 70 43 85 37 163 3 78 4 
37
46 163 73 104 153 133 52 123 33 32 197 105 22 100 94 95 58 150 80 176 167 43 65 177 133 80 26 144 147 129 103 74 29 116 160 40 44 
17
189 45 76 185 30 151 119 15 96 183 78 143 59 47 135 170 72 
39
18 187 152 131 141 145 160 29 136 186 185 2 171 8 11 148 195 74 73 116 179 154 48 89 183 38 170 161 108 109 159 67 59 8 35 103 149 35 106 
37
73 103 143 66 24 93 84 75 57 49 124 76 96 72 76 56 105 15 97 52 2 9 11 106 199 141 118 104 151 106 49 145 76 152 127 141 64 
49
163 15 106 24 145 139 48 93 40 154 183 29 163 3 181 2 142 176 16 180 190 178 127 19 49 2 174 129 29 198 71 195 133 43 51 164 197 61 89 126 198 136 197 54 53 106 154 98 182 
28
170 186 79 90 113 137 15 35 130 198 53 160 25 99 44 29 192 49 188 174 69 46 52 81 57 117 19 38 
41
128 31 199 90 163 165 194 9 40 190 152 197 43 106 129 187 50 54 198 4 19 161 147 42 50 109 23 36 149 81 129 101 37 27 17 147 155 155 80 172 133 
32
37 35 156 73 100 183 187 175 125 108 126 114 127 43 125 46 191 132 195 155 9 101 167 192 193 146 198 46 71 44 19 40 
7
159 85 54 86 26 195 161 
10
59 142 1 6 35 27 58 84 53 83 
28
1 61 9 177 180 179 48 82 3 126 63 35 124 141 58 133 81 33 197 130 96 6 167 11 156 104 145 125 
27
139 186 114 117 138 16 187 174 97 53 99 152 142 124 79 112 138 118 26 34 38 77 45 172 80 77 139 
15
101 50 91 144 160 58 103 89 97 103 153 58 129 113 76 
40
177 134 104 123 130 151 144 86 111 192 190 118 102 187 167 77 190 107 88 103 99 16 95 121 100 67 47 101 70 183 19 53 129 26 67 26 184 87 188 144 
4
10 170 119 172 
5
1 65 151 95 97 
11
102 87 176 186 97 175 193 67 132 196 194 
16
27 131 75 80 128 83 170 172 105 149 132 94 12 99 174 44 
24
50 129 160 173 61 116 102 34 23 148 199 105 13 54 88 60 110 188 130 48 167 62 142 186 
39
32 189 69 44 186 145 168 89 13 60 197 93 80 99 101 88 42 78 22 52 115 183 62 110 139 148 145 144 100 75 47 124 3 65 49 199 24 126 65 
11
200 9 73 114 8 4 68 13 10 11 145 
26
4 31 39 103 75 137 122 144 47 29 50 39 32 173 156 54 166 14 170 17 102 12 14 122 32 173 
43
115 101 84 158 55 38 132 73 150 24 134 68 12 52 194 1 100 187 118 187 102 6 62 127 194 139 200 88 191 147 162 171 117 89 155 17 67 109 58 170 102 38 175 
38
95 47 164 86 96 200 56 66 51 181 40 68 62 83 82 10 70 55 55 113 95 25 196 20 198 189 166 156 124 138 111 170 79 67 73 87 182 52 
26
180 88 103 10 38 154 171 190 17 124 94 17 109 166 169 44 182 12 66 99 45 91 63 131 92 199 
2
165 7 
19
153 181 118 195 55 71 47 81 78 175 56 83 172 187 170 117 174 143 17 
31
79 172 119 135 9 39 81 26 2 66 82 121 102 89 51 119 178 179 188 200 49 194 19 200 127 137 67 97 58 129 49 
36
49 199 72 141 165 198 108 78 140 157 43 167 100 29 112 183 180 106 9 74 30 179 152 79 17 95 78 93 116 37 107 119 148 72 11 57 
4
5 74 21 128 
29
176 127 137 134 32 161 49 160 122 3 27 117 32 75 120 177 46 166 117 80 106 64 60 97 139 93 160 152 191 
38
153 103 116 29 56 48 168 47 5 1 131 184 164 13 50 50 93 163 47 166 59 101 75 120 100 175 38 39 7 114 158 15 165 76 3 125 133 142 
33
22 187 170 153 117 91 142 39 39 103 49 5 28 185 105 2 116 10 7 63 139 192 168 19 147 158 32 113 116 77 5 166 131 
28
54 182 196 78 158 22 157 9 48 36 121 179 160 34 62 160 52 122 36 102 102 35 114 153 87 162 142 35 
23
12 152 32 168 79 11 40 183 105 98 158 155 176 187 165 174 200 83 91 122 187 78 133 
27
18 128 41 35 26 125 115 149 98 170 175 86 193 158 141 37 116 192 11 118 133 54 28 94 127 47 94 
11
53 22 121 112 131 107 52 90 77 136 49 
8
155 157 1 172 134 176 2 189 
30
124 4 165 39 197 195 141 140 190 151 177 190 31 87 4 27 38 60 22 7 8 66 88 36 84 121 108 163 149 154 
5
4 58 100 100 122 
14
39 198 98 155 96 147 113 101 66 25 117 61 150 45 
44
11 17 14 185 117 84 195 69 74 137 35 161 111 73 144 162 128 98 150 13 148 134 77 74 13 7 200 150 19 62 194 32 53 146 69 13 27 182 126 6 186 164 8 199 
3
141 43 187 
50
2 169 123 116 12 141 157 11 80 64 113 69 127 153 167 16 186 96 108 33 186 192 124 18 77 47 65 40 69 43 97 44 178 146 110 6 168 126 94 169 179 59 99 96 151 78 133 83 124 37 
3
21 166 21 
17
13 154 155 139 78 189 147 168 173 103 86 58 96 124 36 153 134 
29
46 143 30 96 14 78 39 4 197 46 25 36 73 99 55 167 114 163 170 64 159 196 11 100 185 4 164 189 35 
14
131 69 116 66 124 79 68 135 66 110 183 48 18 41 
44
108 77 150 101 130 47 91 131 170 32 165 118 47 95 191 167 150 134 164 11 159 62 191 107 146 80 15 77 118 84 161 167 90 114 101 139 182 179 91 99 132 179 150 26 
30
45 110 85 71 26 76 100 99 152 102 185 12 132 26 188 147 59 111 16 96 50 111 86 51 64 81 4 7 93 68 
43
131 106 149 103 90 108 121 6 74 102 30 129 73 18 35 72 92 11 113 65 81 162 17 27 68 116 52 56 191 20 106 30 155 50 10 147 147 199 96 99 135 36 92 
2
198 6 
21
140 60 176 105 197 155 30 118 101 70 161 103 13 89 195 68 14 44 129 47 52 
46
184 59 80 54 13 28 144 37 14 113 13 88 46 76 16 121 33 146 169 108 84 101 62 119 95 14 109 59 195 32 126 168 66 17 40 60 87 57 118 68 59 149 198 75 105 85 
12
191 183 49 147 75 1 187 119 127 163 37 158 
50
67 51 86 19 137 91 152 133 53 89 199 149 99 135 12 106 68 114 180 81 156 175 142 119 12 116 181 187 108 180 6 154 39 146 102 140 90 151 36 124 58 190 62 133 161 172 43 88 21 53 
38
114 165 33 128 74 41 190 34 153 29 55 33 97 65 66 164 184 136 32 175 182 139 93 7 25 2 119 94 162 62 3 156 192 62 42 170 43 4 
13
132 115 2 179 26 175 102 127 3 33 72 50 31 
14
164 162 46 35 57 116 114 196 37 136 119 38 2 7 
37
36 160 104 69 159 112 131 174 149 123 117 134 124 21 170 125 41 161 104 24 81 114 175 67 32 188 7 17 160 133 147 109 113 99 89 171 55 
30
19 81 122 170 135 123 190 51 66 120 194 103 36 87 22 194 93 37 93 96 126 166 74 179 34 172 175 47 122 97 
27
181 119 198 103 64 139 190 57 23 185 2 110 119 195 9 5 93 97 75 165 125 31 2 104 129 192 174 
26
82 110 36 151 36 124 50 43 129 123 65 75 165 192 31 160 32 150 192 60 125 80 121 197 159 127 
1
110 
47
97 197 69 198 163 126 47 107 157 16 191 73 139 130 134 127 37 85 125 149 76 90 6 97 36 37 200 162 121 32 96 132 10 149 28 80 139 84 92 47 70 149 186 44 137 139 24 
29
195 166 8 186 103 3 46 10 115 185 122 17 123 138 186 32 190 180 109 140 171 83 178 139 20 157 142 37 7 
50
140 5 70 158 158 50 93 85 186 70 112 41 160 122 95 131 40 76 34 148 121 150 134 38 92 132 154 20 159 130 59 122 157 168 34 99 3 115 48 197 45 192 16 163 174 48 10 87 135 171 
24
33 102 146 9 65 136 141 172 173 90 13 55 79 121 112 76 47 114 127 180 144 123 197 174 
1
95 
28
24 2 73 169 142 89 8 180 113 136 177 163 94 21 163 100 175 38 155 82 127 54 175 75 119 73 159 128 
36
55 48 65 85 177 131 99 64 30 90 184 192 199 83 88 149 167 117 41 97 193 118 89 64 61 175 43 83 51 31 70 28 115 44 38 124 
34
169 116 56 84 89 25 74 147 34 51 124 136 116 9 39 190 200 33 73 24 22 107 93 116 110 186 157 127 104 143 138 23 24 9 
46
160 129 157 197 167 82 85 191 140 189 137 174 128 156 135 200 163 7 39 41 88 48 8 132 159 104 57 123 15 26 197 71 38 76 126 179 14 175 84 179 151 172 179 74 19 126 
6
8 17 166 187 147 161 
23
101 181 57 38 88 83 26 52 61 133 26 137 82 169 190 173 36 90 180 172 179 55 115 
6
195 14 135 176 115 134 
13
77 108 36 71 65 136 125 84 91 172 163 71 114 
11
155 26 56 40 50 32 74 15 8 156 36 
11
5 57 145 179 40 134 40 50 142 181 75 
43
127 177 145 110 132 74 139 150 125 79 196 180 7 190 41 178 130 122 103 189 57 162 44 62 187 42 158 186 158 160 16 58 51 142 59 32 100 79 73 199 106 143 77 
43
107 123 30 8 1 106 121 162 198 7 190 122 139 188 171 32 24 116 77 37 14 165 22 157 200 65 48 82 7 96 191 190 36 11 20 92 97 111 37 132 25 187 106 
31
134 16 123 145 57 125 198 16 75 28 44 81 82 85 35 179 80 92 70 107 174 9 152 180 101 84 7 16 157 91 85 
7
38 122 35 16 140 158 6 
5
120 62 115 193 40 
36
38 14 81 25 150 137 3 114 125 10 67 7 84 153 198 19 99 92 168 151 149 162 69 84 25 18 199 191 38 17 70 137 126 182 61 178 
19
20 17 82 112 99 5 60 158 75 88 143 78 175 56 42 46 50 40 59 
3
120 29 107 
40
67 198 186 135 169 162 11 42 166 3 44 20 4 88 133 26 19 48 50 173 110 170 70 186 12 114 166 75 200 6 159 7 126 190 21 116 33 66 137 29 
48
117 125 94 119 127 128 124 101 137 153 10 181 177 97 14 29 158 82 33 84 157 173 197 123 121 117 82 36 26 110 81 173 68 1 138 33 120 47 64 35 191 199 33 48 171 94 84 128 
8
74 187 49 63 67 136 48 60 
33
28 52 197 128 18 9 67 115 35 150 101 176 42 180 63 89 103 115 74 178 65 130 133 3 180 138 137 116 75 177 74 142 143 
4
129 194 141 165 
40
48 5 17 35 102 158 1 68 3 72 161 123 191 154 118 191 193 161 37 100 116 194 48 111 71 22 86 80 72 20 102 113 172 197 128 62 77 105 176 162 
27
167 192 25 74 65 161 53 104 78 181 127 15 112 84 135 62 198 16 183 78 189 167 105 170 103 174 65 
19
165 29 182 134 192 66 33 40 99 189 168 27 101 181 133 122 99 46 126 
42
18 176 186 104 138 197 97 39 182 174 18 95 23 122 18 86 8 93 112 36 165 161 190 30 125 43 177 55 134 196 33 36 175 178 44 162 169 195 150 63 6 110 
29
161 52 22 100 167 115 179 8 162 129 38 154 39 128 193 72 196 13 74 147 116 105 18 186 145 124 189 58 61 
39
24 177 29 38 82 160 91 164 81 165 78 197 130 8 32 130 141 150 92 84 194 17 90 115 196 129 24 33 192 107 6 164 33 103 182 11 76 112 63 
24
43 5 157 99 1 196 62 144 113 22 123 87 123 94 153 49 155 114 27 122 71 100 182 186 
14
27 64 45 88 170 134 186 125 178 145 153 62 195 28 
26
122 70 5 194 182 118 157 128 53 164 174 125 135 98 88 128 129 127 183 2 89 113 125 55 147 57 
2
146 69 
2
111 135 
44
64 110 17 177 181 148 68 12 82 93 108 163 127 153 157 143 192 88 132 59 137 152 146 137 38 52 145 131 183 75 71 43 169 131 88 184 39 16 136 117 31 140 197 183 
5
140 51 132 98 181 
35
162 31 2 8 179 165 19 164 123 69 67 139 51 172 150 75 198 177 125 72 20 72 192 163 200 180 7 46 75 40 148 187 20 174 24 
1
157 
5
25 110 114 53 164 
35
144 103 109 118 15 6 57 9 6 153 108 74 66 178 155 83 138 48 88 88 154 90 166 163 122 119 8 107 59 147 122 198 125 132 139 
45
159 195 110 55 13 181 3 37 95 41 191 21 84 60 69 58 58 48 23 17 184 75 13 110 146 188 8 197 48 136 28 108 156 74 88 69 109 42 195 130 53 44 133 57 148 
19
55 23 159 163 192 73 129 129 69 93 4 146 179 135 107 175 12 63 127 
5
93 112 180 186 168 
48
152 63 10 107 175 195 74 82 46 135 181 15 34 37 154 195 20 43 23 185 12 69 96 155 54 196 86 67 77 178 92 95 27 79 121 6 58 157 83 71 26 48 113 152 87 82 122 188 
22
67 23 78 77 181 194 42 12 29 178 163 4 61 172 119 42 31 40 62 55 196 21 
17
79 155 113 72 36 45 112 180 167 36 72 3 147 156 16 193 14 
12
171 51 132 129 117 200 65 147 56 120 171 124 
39
174 66 115 72 138 189 130 113 71 195 188 6 179 98 126 5 125 71 118 30 88 67 168 162 54 158 72 192 192 138 137 3 105 135 20 76 179 70 20 
21
41 180 38 140 59 102 7 77 184 124 149 79 22 67 47 7 196 194 97 50 193 
16
111 88 198 144 42 102 110 99 129 40 198 161 71 183 150 187 
12
28 191 39 60 41 80 169 98 104 153 59 50 
9
48 73 33 167 177 75 138 53 71 
36
91 190 162 19 26 147 153 53 173 62 95 127 174 73 26 81 21 17 94 4 71 126 96 193 13 186 198 116 143 11 76 104 55 95 1 168 
23
75 104 31 2 8 98 109 143 50 49 71 91 22 8 194 85 96 70 139 28 79 33 30 
32
133 30 73 153 182 7 108 14 36 134 111 85 157 70 72 172 82 184 71 145 36 51 56 191 85 117 45 133 136 102 93 185 
23
20 21 68 63 120 137 71 178 175 136 108 32 85 81 143 187 157 77 3 134 43 27 185 
42
58 97 99 75 81 182 118 84 167 2 62 134 144 126 83 32 64 93 58 183 181 6 174 137 65 77 45 48 28 45 127 94 88 53 41 59 110 156 176 49 102 154 
45
192 123 92 109 3 37 11 10 5 104 18 53 73 42 155 42 54 186 189 190 187 188 3 164 44 137 164 108 97 51 58 106 71 37 57 74 142 97 151 49 191 20 98 14 39 
36
42 72 180 161 173 113 194 161 168 24 75 150 137 117 145 90 182 77 113 19 193 189 14 89 147 170 55 107 177 47 183 34 88 169 118 38 
23
77 200 116 136 9 58 145 183 111 37 128 122 13 193 47 183 146 39 72 12 99 3 131 
18
83 68 57 55 162 97 139 29 44 113 17 135 186 47 46 11 14 169 
36
98 71 131 102 47 45 85 147 78 70 85 39 86 135 170 196 180 54 111 13 6 20 88 51 145 24 189 97 80 151 64 119 130 119 11 53 
38
98 91 117 93 56 91 75 123 150 127 160 124 139 14 1 200 160 194 46 154 79 88 55 67 156 6 129 165 81 182 190 167 166 22 67 76 157 56 
48
96 4 109 168 33 155 57 137 85 29 91 7 142 155 140 122 183 52 113 169 57 89 174 22 78 60 17 16 161 41 153 90 112 197 169 121 128 11 164 139 171 181 134 154 64 168 173 7 
6
200 43 44 128 178 89 
42
152 89 81 153 151 103 56 70 88 149 190 142 165 95 76 65 158 142 112 138 22 161 112 91 99 30 129 5 80 1 114 60 32 23 146 185 169 61 43 122 99 121 
27
60 92 50 43 120 113 148 189 4 154 43 39 16 43 25 38 24 3 154 197 66 171 92 80 157 61 29 
14
2 149 132 142 62 72 170 47 45 88 177 200 115 194 
44
200 131 29 101 175 75 174 9 6 54 116 60 190 65 197 180 89 18 83 43 16 89 55 1 2 19 48 91 86 195 200 50 102 105 140 39 104 55 157 177 105 174 24 121 
38
16 182 29 93 54 48 49 196 193 124 4 98 69 20 197 43 138 169 134 133 52 44 49 52 83 92 200 91 197 25 41 132 78 108 13 148 33 145 
24
78 89 114 94 162 153 73 108 2 49 105 187 41 130 58 10 56 64 175 8 175 158 102 55 
6
160 59 81 130 113 57 
48
137 85 38 173 134 17 10 99 80 39 60 189 47 133 177 11 72 85 50 166 152 63 128 119 181 42 71 34 44 98 148 5 58 35 117 35 187 99 51 38 104 142 126 16 145 27 46 50 
29
187 169 85 36 170 14 6 34 47 44 143 53 70 175 184 45 20 65 189 11 114 17 193 120 170 155 56 45 22 
14
66 154 113 23 155 118 141 169 23 24 43 190 139 200 
36
158 54 189 182 135 135 116 57 200 72 106 168 23 64 158 180 151 71 189 73 154 170 179 19 23 14 179 92 8 137 43 42 83 20 111 53 
27
4 81 14 106 72 26 27 133 197 160 112 164 93 75 103 12 7 61 104 99 71 6 195 88 110 41 74 
14
76 79 140 137 170 118 132 69 108 69 64 59 19 167 
25
126 41 129 32 155 54 170 136 58 111 102 159 24 118 31 86 61 84 120 80 133 11 39 87 77 
25
119 67 19 126 175 1 90 46 91 24 9 82 180 6 151 185 23 73 30 180 23 90 33 184 31 
24
74 148 48 27 93 25 52 135 90 73 61 151 83 17 12 26 195 128 129 136 23 106 84 128 
2
134 135 
49
44 2 128 157 94 177 62 108 129 58 71 152 125 58 163 91 182 28 161 42 37 125 124 177 189 124 154 141 31 166 193 123 147 32 46 190 188 189 75 149 53 24 132 147 182 171 199 176 110 
21
30 173 123 170 74 117 117 13 117 167 131 129 171 199 73 149 70 140 159 21 157 
34
15 149 89 196 170 121 188 92 71 87 142 79 153 14 141 96 68 192 192 128 140 91 96 12 186 117 20 82 20 13 119 132 48 119 
16
94 165 79 94 122 158 55 78 83 139 132 10 190 141 18 184 
14
102 15 84 108 179 133 123 85 56 169 37 121 142 193 
48
182 163 131 169 126 190 128 193 190 197 151 86 163 101 125 160 120 29 66 116 132 96 88 32 81 37 197 140 167 36 159 6 151 143 71 98 28 179 6 197 171 34 44 12 51 135 71 30 
31
77 57 170 49 155 130 182 105 200 4 142 115 191 30 181 134 135 32 51 16 90 173 139 7 176 87 144 50 47 132 196 
14
57 21 100 61 178 160 99 177 125 195 9 39 178 41 
21
78 14 122 170 126 142 170 106 69 1 155 78 148 146 142 62 57 175 117 181 6 
25
100 96 102 24 102 143 96 98 68 95 12 95 40 50 162 140 56 156 138 99 189 106 142 51 163 
3
139 185 115 
35
174 107 164 4 4 188 161 30 90 57 4 42 195 151 55 143 152 191 43 78 177 96 90 145 66 159 134 97 33 29 117 84 155 68 140 
21
94 191 112 137 145 190 123 84 104 147 60 189 4 76 151 4 183 13 132 125 109 
13
172 170 70 53 101 34 200 177 30 172 169 108 46 
24
137 91 175 65 150 13 24 192 90 86 25 57 39 70 111 164 123 37 151 95 86 38 7 79 
40
85 168 136 176 62 96 68 127 4 84 172 194 18 106 29 78 153 140 185 110 183 105 161 80 192 53 29 39 28 49 144 193 101 5 162 24 27 98 179 5 
27
28 65 184 78 132 103 148 42 20 34 24 164 20 192 81 117 106 167 138 155 53 40 30 92 10 14 68 
35
55 55 8 139 69 54 139 45 196 33 1 84 30 70 200 1 13 165 48 57 32 10 126 15 40 163 194 134 26 32 121 185 133 59 165 
44
114 21 63 43 132 1 95 188 133 66 18 105 128 93 170 31 149 146 148 108 78 5 171 200 121 115 2 75 142 91 126 100 120 2 153 84 192 107 147 173 133 57 187 74 
16
50 196 76 84 83 179 61 171 162 156 189 91 156 4 119 111 
33
192 104 194 59 181 139 22 145 145 139 131 16 143 182 187 194 16 82 161 112 44 16 26 142 73 2 68 78 2 97 148 39 144 
27
28 97 166 70 168 96 166 115 57 131 193 179 163 200 44 168 89 62 142 103 161 134 109 50 81 150 89 
31
32 3 192 183 82 51 49 135 83 37 76 24 69 189 118 123 189 128 194 79 199 88 163 40 130 68 30 65 45 152 84 
7
153 108 174 115 49 51 25 
47
35 155 33 55 75 60 185 67 189 62 200 182 135 147 103 101 41 190 15 196 197 79 32 58 185 61 20 8 67 190 187 199 44 86 47 131 85 105 95 31 118 158 32 94 62 3 87 
15
100 183 132 94 36 104 169 108 37 122 16 73 23 160 34 
9
26 66 179 176 177 163 27 187 181 
31
120 133 95 43 135 46 37 131 17 100 142 55 138 15 16 95 85 3 86 4 187 114 176 147 26 11 34 116 162 3 174 
40
43 78 174 96 18 82 65 167 114 105 87 167 7 129 200 24 110 153 46 159 177 50 195 29 86 23 116 88 127 75 61 172 196 38 199 22 124 179 20 173 
3
177 59 5 
47
148 15 113 97 48 146 157 121 17 7 53 141 161 28 141 95 127 6 77 41 32 15 9 82 93 34 91 40 153 7 141 112 197 98 127 49 98 22 1 182 187 31 166 34 116 93 61 
7
154 12 28 93 81 193 180 
46
124 183 36 45 100 22 114 123 96 197 133 145 62 39 40 85 195 33 139 88 133 123 164 126 178 53 158 163 4 129 171 33 163 22 43 87 191 13 1 163 193 196 174 47 149 159 
27
81 127 183 26 13 198 171 24 78 33 194 61 97 133 35 60 154 80 4 151 184 189 198 110 115 116 10 
26
126 133 149 149 135 89 150 95 148 150 152 155 135 53 50 183 154 33 188 113 38 14 125 153 85 19 
1
180 
18
53 172 183 138 2 194 180 179 119 193 68 200 30 190 17 72 48 144 
42
186 83 79 190 130 176 148 126 82 83 20 72 69 24 6 133 79 167 124 110 56 27 150 54 119 100 81 168 147 79 159 176 157 71 64 177 145 91 71 99 187 12 
27
102 183 32 44 23 65 152 118 150 50 194 7 194 156 12 94 105 109 30 60 16 159 90 92 92 64 43 
12
74 101 63 70 9 9 43 17 186 3 2 108 
7
158 144 177 83 19 65 112 
5
177 73 139 51 132 
10
30 3 98 76 84 9 42 107 188 134 
2
51 154 
29
99 24 170 146 136 50 168 149 15 143 35 64 155 20 40 59 72 188 114 171 20 90 47 147 119 9 29 177 87 
24
195 88 76 30 101 150 91 41 40 100 182 187 171 93 64 131 198 21 71 162 92 72 178 145 
46
93 25 95 86 5 155 86 168 171 114 185 96 41 156 52 60 188 11 32 125 134 92 114 26 86 93 46 161 118 182 53 128 153 138 24 186 191 32 168 21 126 177 36 112 182 54 
38
1 25 194 35 36 158 2 164 48 65 142 125 76 8 151 194 39 68 40 185 141 122 25 168 133 173 70 12 63 154 190 51 83 144 191 70 157 194 
21
199 180 162 22 75 193 123 159 99 5 59 69 93 108 67 114 10 117 21 35 196 
33
9 39 46 14 84 6 136 194 85 134 101 26 101 65 139 189 147 75 126 38 161 31 25 113 70 160 114 105 169 69 73 87 175 
10
69 110 177 19 131 129 85 108 131 149 
46
163 105 155 139 102 93 141 26 64 112 178 55 191 180 29 53 88 190 128 135 62 2 182 75 98 171 45 171 164 14 122 74 200 161 119 72 172 102 120 162 54 38 107 153 26 108 
31
149 160 159 33 117 84 170 91 110 15 148 99 102 43 40 5 131 20 48 109 37 130 179 144 197 195 176 38 105 181 109 
16
197 145 17 134 23 83 18 73 102 126 187 142 48 69 38 34 
13
44 18 26 152 20 49 36 160 165 169 9 162 142 
39
95 25 176 55 155 119 88 140 35 152 75 156 34 102 133 180 4 153 42 74 57 34 173 28 183 5 39 94 159 81 134 62 58 30 175 45 165 105 15 
35
159 126 147 97 59 123 47 22 17 141 83 92 166 146 90 144 44 58 164 42 21 106 52 165 89 22 155 152 39 75 187 121 95 174 200 
43
134 164 24 111 147 111 100 85 158 130 126 89 128 34 186 41 198 153 89 23 71 79 97 4 45 63 16 51 48 107 199 93 117 173 52 173 150 108 127 144 68 127 118 
39
7 137 164 136 70 137 188 182 121 108 59 67 3 57 11 169 14 89 76 51 63 178 14 91 144 102 105 121 100 100 165 9 13 195 109 98 41 126 14 
43
131 57 134 148 38 159 72 150 100 37 196 6 21 54 154 36 35 163 127 93 114 111 16 73 5 156 3 123 115 166 22 6 65 154 119 8 169 131 170 125 96 105 137 
25
37 173 69 54 173 14 107 15 163 121 130 69 140 129 89 184 9 67 190 62 127 188 184 173 200 
3
118 4 140 
13
40 46 154 77 67 163 71 187 187 52 50 97 168 
25
198 133 43 61 46 66 50 165 96 106 71 151 192 134 63 77 21 45 70 73 40 136 95 88 64 
34
41 159 115 129 158 69 63 195 13 125 199 102 175 134 105 15 158 168 36 158 42 21 38 181 141 138 100 91 126 57 27 171 67 29 
49
22 71 96 19 113 155 52 143 4 17 20 110 105 139 87 96 37 194 169 85 62 99 45 88 65 27 58 75 175 147 193 188 171 143 88 181 147 121 143 122 120 163 53 43 107 9 197 128 118 
30
187 4 101 90 188 115 79 83 135 149 125 159 95 84 85 195 138 114 187 195 17 164 77 177 11 147 137 139 176 97 
32
123 88 104 84 16 118 110 113 41 132 157 96 146 52 7 144 103 7 30 6 133 118 177 200 72 76 171 32 47 124 22 1 
4
27 101 153 119 
50
15 130 122 29 111 190 111 59 71 127 62 14 157 185 163 35 182 165 148 18 71 90 136 163 43 26 66 90 23 54 37 148 145 63 105 181 6 114 180 16 42 111 5 186 58 7 169 99 62 39 
36
18 75 93 65 180 77 102 34 120 97 81 52 98 176 44 19 82 135 65 188 8 171 68 23 103 115 52 147 35 86 187 193 128 19 60 24 
16
175 104 199 177 136 61 122 185 96 196 68 198 102 197 75 142 
13
129 112 152 50 44 149 86 16 141 154 192 138 179 
8
53 69 53 150 96 112 30 170 
33
94 180 143 79 175 148 172 111 57 67 110 75 36 139 76 8 50 40 39 70 117 142 61 151 43 193 91 26 133 97 87 195 53 
48
144 119 125 144 189 142 157 78 130 18 68 93 90 118 56 137 166 37 16 129 19 33 126 160 81 164 2 152 103 38 122 51 132 59 166 31 185 184 127 141 147 34 96 95 12 180 68 28 
11
163 199 169 117 63 185 109 188 64 93 105 
11
50 167 98 119 199 140 116 52 128 68 69 
30
39 154 140 30 28 4 92 132 74 117 96 1 78 104 29 97 99 24 126 173 140 138 80 164 175 68 180 178 10 167 
44
22 62 55 72 101 92 131 62 100 160 88 116 194 65 16 179 172 9 143 173 171 183 7 99 56 71 177 177 159 67 188 95 177 105 194 15 59 8 189 197 20 127 90 40 
34
36 195 36 112 78 40 98 194 48 72 85 30 131 105 88 71 190 31 9 71 36 185 109 133 11 39 135 177 140 7 168 195 148 88 
38
66 14 197 55 16 42 3 194 186 54 182 110 166 64 69 172 61 69 46 102 152 41 52 157 166 36 125 81 99 180 32 78 165 53 60 105 56 194 
39
47 106 62 29 190 72 188 169 59 127 47 94 103 158 71 168 30 48 169 78 149 8 97 113 104 62 6 175 189 190 171 172 24 39 174 138 28 153 134 
39
107 120 22 85 58 181 40 120 52 91 104 80 145 87 166 165 155 88 159 34 157 94 97 139 121 160 57 80 44 37 195 100 167 76 93 31 69 191 65 
48
28 82 164 149 66 66 120 27 6 160 130 163 135 76 97 3 109 46 52 133 18 64 102 91 61 40 146 199 179 82 52 96 58 34 147 153 59 134 26 100 163 161 157 100 134 148 22 184 
45
160 60 131 59 15 108 48 46 88 79 90 88 32 160 50 145 46 184 178 64 103 40 198 46 120 26 74 183 90 37 142 192 160 3 103 129 92 64 119 57 143 1 156 152 31 
27
198 174 34 63 178 117 113 63 92 93 65 182 65 28 154 168 50 103 34 54 172 114 140 174 149 136 146 
18
137 192 106 165 42 100 99 163 134 143 129 2 74 34 174 197 173 2 
3
46 159 42 
29
41 136 33 123 3 45 152 172 172 189 154 92 38 25 120 157 193 26 40 49 173 109 145 150 195 73 38 81 113 
35
77 118 8 173 50 38 187 67 109 193 77 187 132 115 175 8 142 67 182 10 86 70 45 56 32 51 4 10 131 55 13 157 19 32 110 
28
89 119 24 164 178 199 19 120 169 66 84 74 145 138 180 73 36 117 102 159 65 73 108 156 173 199 166 46 
27
45 25 5 123 3 200 10 140 47 194 104 141 188 151 123 87 5 176 36 54 168 74 14 168 165 23 27 
4
62 177 112 106 
44
20 64 186 31 151 148 38 192 150 183 116 159 87 31 97 185 158 31 120 100 152 74 19 35 72 91 120 86 146 128 115 54 162 116 116 37 112 35 141 172 138 64 187 118 
3
90 22 34 
32
174 38 38 9 102 60 22 101 63 106 52 196 64 96 138 32 110 188 99 39 37 21 143 148 176 140 165 55 65 104 2 64 
35
4 160 59 159 111 91 120 60 80 181 51 14 124 8 163 34 166 179 145 189 193 110 70 67 141 88 41 7 164 152 164 63 183 56 138 
41
186 125 95 182 40 43 51 22 52 166 189 156 30 51 137 39 22 108 21 189 113 59 174 137 117 166 25 1 146 112 32 100 190 177 124 193 5 51 9 194 36 
37
139 119 8 133 11 23 120 182 118 186 68 122 26 18 88 32 37 31 161 30 132 153 194 50 100 56 139 2 25 184 23 156 121 137 153 119 76 
10
187 112 51 101 2 193 129 22 169 67 
38
149 152 125 143 195 128 125 19 49 166 82 142 35 42 76 43 188 68 83 63 179 186 45 161 91 23 148 104 153 19 155 134 62 11 112 31 132 5 
45
165 78 171 1 36 71 65 52 93 5 76 15 17 182 49 65 68 128 152 175 83 95 99 171 75 119 166 173 96 82 13 127 94 83 156 169 120 25 47 125 163 87 135 22 29 
22
190 122 135 184 159 70 133 109 125 144 182 140 158 7 188 89 187 70 50 54 23 160 
43
172 145 38 48 72 152 84 104 116 11 193 72 142 66 141 66 182 28 37 195 73 142 57 98 147 148 79 125 105 191 121 55 12 187 121 170 50 36 108 53 38 156 76 
40
200 196 104 135 63 189 110 6 194 65 193 115 158 83 61 154 194 72 111 59 94 136 66 19 2 165 36 40 195 95 79 96 192 169 99 127 66 52 81 75 
46
197 90 101 29 22 5 47 170 30 40 140 133 125 22 153 148 73 71 142 61 38 69 16 98 165 130 150 181 132 23 78 6 22 72 108 164 166 163 110 40 165 79 175 189 86 41 
50
187 58 81 66 115 198 163 188 148 21 185 161 156 10 151 91 10 126 127 43 144 178 42 164 111 58 143 111 74 142 6 175 156 174 126 184 86 34 164 81 168 195 93 19 153 145 26 45 186 130 
4
126 100 92 110 
36
26 95 118 145 129 98 73 184 115 16 145 13 99 135 61 148 12 85 80 65 74 95 199 178 9 23 39 162 124 161 173 198 54 34 71 7 
19
198 23 85 100 13 72 77 71 128 153 135 122 182 39 6 178 6 128 156 
11
168 129 34 173 20 184 97 23 158 14 144 
6
173 196 66 115 7 70 
5
109 99 197 47 166 
38
39 15 61 186 25 137 200 113 20 74 114 122 101 19 32 31 135 61 93 108 171 155 83 83 31 115 130 170 37 112 22 197 194 7 168 24 199 59 
13
102 92 7 7 103 72 40 79 169 94 173 184 110 
41
91 146 94 7 129 145 41 44 181 116 155 182 26 174 196 189 15 101 59 21 156 136 175 156 19 166 33 86 193 81 25 129 168 106 83 2 138 150 141 30 164 
23
89 61 101 19 178 184 161 104 116 27 198 66 29 142 130 154 129 109 191 124 127 184 93 
25
54 141 26 13 98 16 120 173 185 148 11 164 181 68 197 114 14 147 200 160 77 33 176 63 183 
10
58 99 188 49 125 79 75 98 156 19 
18
166 196 160 169 136 80 187 154 132 47 184 4 7 23 22 125 186 200 
10
70 125 103 60 85 137 117 196 158 62 
28
18 158 3 78 9 180 171 73 62 156 44 51 5 106 108 62 40 79 180 135 11 162 62 129 82 134 75 106 
15
196 61 118 121 101 115 16 157 22 179 178 177 193 73 156 
43
180 110 193 163 40 68 26 186 199 118 53 42 91 172 78 120 127 59 72 105 149 91 95 24 132 99 29 126 26 103 88 192 110 41 53 18 59 118 163 10 162 31 70 
43
167 151 6 111 181 29 155 72 113 183 95 54 32 150 25 99 150 25 89 141 36 42 85 34 21 36 191 110 117 38 144 101 135 145 62 28 25 29 21 161 38 98 28 
15
72 138 183 147 87 172 109 50 59 43 13 29 106 141 106 
48
30 199 32 120 198 14 177 18 159 80 81 104 55 49 194 138 118 58 197 35 186 3 158 35 85 25 90 65 13 99 192 150 88 38 17 109 169 33 157 126 195 130 92 49 97 39 165 80 
50
161 70 78 26 107 65 179 200 160 16 177 83 170 5 89 87 191 160 14 92 134 77 52 2 64 57 177 168 73 153 137 73 21 151 112 188 143 2 40 39 45 65 146 64 120 181 49 135 71 80 
18
186 90 189 87 78 116 12 179 72 34 34 161 102 129 11 109 196 60 
36
83 118 98 76 22 79 182 139 137 28 56 13 74 176 33 96 29 85 76 170 76 68 31 131 83 33 89 151 1 182 141 182 171 25 69 10 
21
197 2 29 151 131 127 60 100 154 166 59 24 18 82 166 110 25 92 186 108 39 
5
174 73 149 79 73 
15
21 40 81 181 101 72 61 5 70 81 96 99 164 38 171 
15
73 20 173 63 90 139 137 136 141 180 116 112 189 46 18 
40
196 65 77 142 101 27 16 160 115 104 78 3 177 76 74 199 166 60 122 59 124 195 197 67 62 64 158 59 124 61 141 73 140 26 120 36 199 72 19 83 
37
10 57 41 189 37 93 76 197 48 34 36 43 102 139 57 142 88 136 173 60 80 149 16 16 41 41 42 63 2 64 148 72 89 5 23 158 140 
48
142 155 186 16 64 122 64 13 13 65 184 84 66 162 20 192 175 44 96 185 109 34 86 20 197 168 179 135 148 110 54 159 154 171 152 56 114 174 30 200 68 67 124 88 38 153 157 48 
49
196 101 30 152 92 71 35 83 65 90 122 185 33 198 54 164 24 133 47 30 163 68 24 98 121 176 48 13 70 166 34 36 53 3 188 199 25 82 65 58 136 156 91 132 157 73 176 192 88 
30
200 169 156 5 97 51 5 160 174 52 197 123 67 2 57 149 165 62 132 2 58 157 88 139 149 136 4 154 115 105 
24
43 135 166 182 150 46 178 125 152 33 14 9 154 181 7 38 73 72 177 50 196 1 178 85 
9
28 89 170 150 58 188 167 101 73 
33
181 170 61 76 164 149 18 184 143 52 165 105 191 18 166 157 198 108 196 51 179 164 125 3 101 128 16 133 69 142 42 38 44 
24
113 182 190 73 143 52 130 183 135 186 160 140 61 5 158 60 173 5 62 62 100 195 127 5 
6
48 78 145 36 58 152 
25
61 81 15 185 132 8 48 111 182 111 189 155 73 102 171 19 194 28 138 54 75 60 148 73 29 
7
60 44 101 56 21 28 30 
6
116 153 196 96 43 15 
24
76 130 42 109 154 4 75 197 67 188 192 200 195 138 159 123 3 93 146 65 101 22 86 1 
19
135 61 123 22 63 28 200 21 196 175 21 111 107 121 27 79 78 151 103 
14
34 92 145 3 68 87 27 195 96 88 200 165 118 130 
20
184 26 9 153 22 93 77 94 145 77 160 152 172 14 113 3 79 163 147 115 
47
118 55 127 152 7 61 48 20 116 34 192 145 29 139 129 170 99 72 187 194 61 156 73 38 167 161 184 46 119 96 77 157 125 70 106 39 174 2 45 58 173 82 173 125 63 62 122 
46
105 68 64 136 16 10 119 137 13 43 171 193 27 40 187 30 142 104 127 197 42 82 67 11 37 127 130 113 98 181 97 22 11 197 194 6 18 190 129 56 140 155 191 14 75 39 
16
157 38 57 27 148 103 122 110 146 161 43 179 160 139 12 146 
7
85 143 164 200 15 67 138 
2
65 21 
20
192 18 80 178 14 104 109 49 74 128 54 81 44 3 60 74 158 102 200 17 
33
84 86 179 27 90 30 14 85 174 5 107 131 5 96 163 21 56 192 13 27 66 73 106 141 41 132 6 120 94 13 146 68 122 
38
178 42 7 90 136 43 169 183 116 76 71 170 113 46 26 86 28 9 153 63 163 57 133 25 176 120 192 182 49 27 165 68 22 81 124 20 62 182 
35
119 69 142 30 27 150 108 106 179 121 2 80 149 194 11 77 189 78 84 47 55 106 170 160 146 106 29 99 71 66 17 14 169 45 21 
33
86 127 84 37 99 177 97 76 7 89 64 133 102 51 56 48 189 33 28 95 29 42 80 129 40 193 17 112 41 173 165 21 32 
5
114 37 123 191 75 
2
16 53 
44
79 94 92 6 71 20 25 30 166 185 75 144 177 171 136 178 151 123 99 179 94 53 38 2 40 45 23 154 113 69 195 195 152 147 108 124 80 7 192 156 82 82 200 137 
50
171 193 152 96 123 130 2 163 192 147 23 73 78 126 172 163 129 133 176 53 168 144 37 102 123 160 138 101 85 181 157 74 100 185 166 198 117 63 94 55 21 139 86 116 67 16 141 50 25 104 
19
33 40 123 70 166 3 31 92 69 108 15 74 74 163 44 177 196 189 141 
10
111 89 20 75 93 70 23 79 97 56 
3
184 167 65 
17
90 75 44 47 85 61 124 90 28 93 52 197 93 40 184 33 79 
47
64 161 66 65 124 185 80 61 195 112 90 46 198 7 37 26 9 109 99 137 50 48 5 79 82 42 158 29 136 46 75 75 77 133 31 58 18 66 155 193 181 78 130 39 3 144 179 
13
47 165 128 61 96 144 163 147 41 142 56 152 58 
22
197 174 92 30 189 166 186 21 100 178 75 44 62 55 43 89 121 189 49 179 8 109 
34
195 185 166 6 148 198 19 83 108 15 165 138 38 121 8 34 134 48 60 144 192 40 115 188 13 17 153 180 195 145 117 64 39 99 
17
165 162 149 124 189 5 15 195 115 51 167 172 68 114 90 3 17 
8
61 45 49 16 114 47 148 120 
17
162 90 136 6 136 145 178 113 110 173 96 33 85 10 15 43 22 
14
132 38 146 169 46 17 27 54 7 173 187 83 96 81 
7
156 160 77 111 119 185 198 
13
56 104 127 159 36 199 89 130 42 56 105 141 125 
28
7 192 127 61 80 184 32 158 49 64 140 110 20 36 154 84 127 197 72 137 31 60 180 127 28 181 14 11 
18
26 137 15 45 16 168 87 94 18 93 101 121 9 52 35 55 197 87 
5
1 42 11 96 60 
47
87 179 129 194 164 112 105 139 176 119 29 176 93 152 123 159 15 74 180 6 146 45 67 171 137 65 104 152 139 129 50 10 32 167 60 164 26 68 118 61 127 164 180 98 154 196 43 
45
193 58 160 43 137 88 155 133 173 3 40 76 62 142 174 138 44 30 144 33 107 82 82 3 73 2 110 76 43 144 35 116 175 151 15 21 124 47 19 29 86 121 29 88 182 
21
163 142 14 102 123 28 10 15 112 90 170 181 22 64 164 136 142 174 182 94 5 
6
177 166 200 136 73 150 
40
98 137 154 165 34 99 74 7 66 101 158 172 102 47 56 9 156 185 182 1 193 162 155 200 140 171 1 84 50 146 102 68 109 82 192 25 57 167 29 145 
33
15 131 162 130 124 17 43 131 174 128 86 177 110 58 178 162 46 133 134 182 132 20 7 5 156 147 122 184 37 84 21 43 156 
15
167 59 52 98 104 138 144 146 107 148 151 199 169 28 102 
6
23 41 99 69 167 95 
3
112 148 59 
11
60 70 46 72 113 54 189 36 1 76 3 
41
23 68 44 64 85 22 159 22 7 197 190 84 102 175 69 8 2 147 197 192 15 186 196 70 74 187 83 119 16 34 60 110 187 179 93 174 114 176 21 44 36 
37
122 91 25 141 85 97 141 132 195 54 98 75 88 140 161 123 130 154 44 15 159 67 139 198 4 76 121 98 148 91 82 53 65 91 195 147 98 
3
22 162 192 
46
193 78 166 69 42 177 198 185 73 55 170 125 154 112 109 151 29 127 39 159 92 143 54 192 112 94 176 196 80 9 90 149 40 14 19 93 42 193 130 62 187 182 136 78 92 125 
10
99 67 156 82 68 142 198 191 7 196 
31
67 175 24 86 123 6 171 105 65 8 92 103 27 24 14 64 21 115 190 82 44 98 24 181 41 110 157 101 117 4 99 
42
87 128 73 147 47 173 181 121 102 66 156 200 52 161 182 160 86 169 59 74 74 67 174 61 144 25 12 17 159 42 65 11 72 155 32 14 67 136 52 155 125 175 
11
119 155 93 102 35 133 34 152 65 146 176 
20
106 123 105 64 116 63 190 17 145 43 148 96 75 179 176 50 19 74 179 177 
2
186 33 
48
173 88 60 88 132 191 13 16 46 79 90 92 52 34 43 193 136 83 151 29 92 19 100 53 116 193 163 77 144 197 153 139 9 2 129 72 157 198 71 20 54 191 193 125 20 19 158 163 
13
196 120 84 7 118 173 135 196 22 161 143 114 89 
4
54 149 183 7 
35
178 42 58 97 142 150 200 78 153 47 194 141 143 154 99 32 191 105 130 21 165 150 58 180 2 26 178 130 115 155 64 197 167 80 41 
29
49 83 124 171 22 162 68 121 168 185 20 141 193 23 109 131 148 139 138 111 4 12 173 84 128 106 138 139 182 
34
185 123 173 143 17 177 63 55 120 28 154 61 111 168 128 101 34 110 4 83 181 4 21 122 50 142 176 32 56 88 173 66 197 150 
32
119 83 115 56 3 41 130 113 155 160 197 72 127 142 111 131 73 96 88 104 161 199 133 46 50 93 145 111 197 66 116 114 
42
15 5 86 146 155 151 176 53 59 78 157 177 92 21 179 137 157 46 153 68 48 117 8 3 15 129 145 114 27 199 173 148 119 12 52 79 131 31 173 65 101 34 
42
102 81 187 17 55 185 59 77 193 64 74 168 23 177 52 158 84 61 156 200 113 120 84 110 23 29 150 82 98 96 10 111 179 193 117 89 48 73 18 47 177 68 
31
107 34 70 199 154 96 115 63 94 82 151 96 64 166 28 120 195 44 49 28 93 43 39 54 79 174 103 31 155 107 183 
14
196 80 180 117 169 2 114 140 12 67 22 92 191 191 
6
192 70 52 156 4 39 
7
48 124 174 119 121 23 37 
19
142 126 57 181 182 3 32 53 85 199 6 48 27 164 166 151 138 164 61 
28
6 148 147 7 143 185 123 30 89 45 178 16 85 134 36 14 56 164 97 78 185 140 111 190 80 197 9 162 
46
22 181 98 161 107 140 26 112 26 58 199 197 6 197 11 167 176 114 174 182 28 67 57 89 63 52 111 195 43 53 163 167 124 10 32 35 114 22 65 121 196 95 38 119 197 58 
11
200 78 15 56 164 112 7 73 114 76 154 
9
174 200 69 167 126 16 88 36 46 
35
150 112 67 97 109 111 157 47 158 32 61 69 22 90 22 99 75 188 80 126 26 103 55 147 61 169 130 47 26 65 31 134 94 26 180 
8
138 199 81 167 99 57 74 9 
39
152 72 82 154 123 134 163 99 85 176 165 33 39 64 61 126 140 131 18 197 132 112 159 56 16 33 25 79 31 170 190 126 116 30 96 64 21 24 93 
36
15 39 164 150 187 99 78 86 31 20 175 132 58 19 200 75 32 95 170 174 38 73 128 78 123 132 81 9 68 195 105 92 98 79 100 151 
47
72 30 55 71 80 169 1 79 183 52 73 122 129 157 138 66 92 67 168 138 94 98 98 180 3 187 100 48 195 96 136 150 154 113 76 17 154 134 191 184 187 89 44 26 106 110 33 
16
167 59 42 172 144 30 166 179 27 15 156 31 145 164 14 102 
10
139 130 24 197 127 18 73 65 57 26 
5
14 18 39 38 157 
37
70 85 134 26 26 99 48 41 135 90 92 164 164 101 40 79 166 112 71 34 22 133 61 106 101 37 40 157 46 64 75 137 57 177 116 41 96 
6
21 189 147 13 152 21 
14
70 155 195 82 5 107 186 8 105 76 94 25 112 22 
11
68 62 132 23 159 44 14 104 70 47 111 
7
74 180 169 131 152 174 147 
37
90 179 132 12 187 161 194 11 180 120 67 125 140 196 117 67 52 18 57 1 72 188 169 91 113 139 178 25 119 200 133 174 100 143 24 67 108 
38
170 123 48 147 139 178 82 112 129 119 67 24 47 179 136 19 136 181 83 23 137 123 198 121 149 167 106 100 154 147 93 179 152 179 122 4 178 118 
15
116 21 192 65 41 197 191 196 167 127 8 190 90 65 38 
5
21 14 110 57 117 
16
73 116 118 41 159 126 151 76 164 34 76 172 186 90 152 111 
8
167 37 43 121 108 170 182 181 
49
168 52 96 149 16 111 17 133 140 49 3 120 89 181 193 59 86 171 25 58 11 170 35 109 121 119 21 26 114 28 4 108 133 21 81 114 176 147 85 50 34 195 10 179 116 73 176 34 83 
41
25 12 54 104 106 91 62 136 62 108 6 199 8 21 56 10 173 59 98 101 11 49 99 52 2 53 110 100 30 36 194 127 142 190 59 151 92 148 161 138 65 
48
34 195 180 137 127 193 23 197 40 153 95 53 69 79 62 184 82 50 174 116 117 165 188 186 31 73 110 84 21 104 162 123 19 124 45 6 36 150 53 20 16 19 4 194 130 41 89 120 
48
135 156 174 145 2 134 69 151 116 187 104 40 166 133 120 51 150 46 46 164 132 58 60 4 175 70 125 142 85 33 187 32 143 133 7 130 178 178 74 70 186 192 162 43 1 22 1 192 
35
148 168 130 112 113 8 82 153 194 121 94 96 120 51 170 158 108 138 11 2 138 87 16 105 176 176 117 53 73 178 125 86 58 173 19 
26
15 70 109 5 115 2 118 5 43 189 15 120 134 171 73 6 188 126 89 99 199 54 168 85 170 30 
16
67 76 163 195 192 57 56 98 127 6 20 50 25 126 5 73 
32
126 78 39 129 50 4 181 102 50 110 97 62 92 19 151 121 119 29 21 173 41 187 19 43 62 20 125 199 45 95 14 46 
35
160 147 32 73 29 17 100 52 118 99 59 109 83 149 36 54 167 118 167 44 170 13 69 151 29 140 28 188 166 193 129 129 140 78 158 
35
164 183 83 73 153 68 16 151 11 170 137 77 22 34 194 150 91 21 66 158 12 2 140 63 160 46 79 37 30 199 160 18 103 125 150 
6
156 85 43 71 30 100 
24
137 29 4 163 35 176 166 188 54 3 116 2 2 111 169 189 54 83 16 49 172 136 182 64 
19
90 61 133 138 98 21 20 14 128 121 70 95 78 76 112 132 48 38 90 
1
72 
49
101 98 165 142 70 31 44 182 151 119 183 110 141 194 17 171 84 191 52 37 46 142 17 99 114 43 142 171 25 15 78 186 5 45 67 28 106 30 174 137 118 130 159 125 45 76 144 122 68 
16
67 139 175 11 12 143 79 95 162 184 179 50 23 64 143 2 
22
144 90 135 140 148 9 140 183 93 81 92 43 12 146 133 43 152 118 92 13 77 1 
45
190 73 91 132 165 116 200 13 140 91 9 196 72 97 164 122 17 51 182 38 61 94 200 187 120 48 151 155 102 7 125 48 56 130 166 34 13 42 93 155 176 60 76 139 79 
12
131 56 148 99 111 109 12 85 100 142 164 166 
45
109 132 43 80 109 44 22 71 161 26 22 48 159 158 157 63 118 53 110 193 129 193 24 153 71 26 28 56 192 173 15 5 63 66 172 44 151 172 129 171 91 2 4 95 85 
36
43 125 58 197 69 68 1 6 15 168 182 100 103 74 24 150 182 10 3 190 142 103 18 110 121 13 53 183 33 77 58 97 185 138 11 149 
29
143 181 6 172 39 136 37 26 172 159 100 49 65 30 194 21 99 99 149 112 82 123 86 175 181 10 78 164 115 
49
167 16 78 128 141 194 90 47 115 113 196 187 185 90 173 20 35 14 70 189 102 50 37 176 11 132 149 47 142 152 196 76 112 101 197 62 199 142 38 57 48 40 101 184 147 37 107 185 93 
37
114 29 75 133 147 178 122 11 96 159 131 192 48 116 3 168 96 148 137 4 167 32 41 100 42 145 102 87 158 9 172 34 29 118 170 59 7 
22
110 88 105 198 171 1 115 33 70 47 28 133 102 87 152 137 114 55 121 58 84 52 
21
191 3 174 137 60 86 152 110 65 124 168 150 119 73 79 67 118 99 77 123 22 
37
132 182 200 134 167 77 63 131 72 22 105 79 139 4 92 172 122 3 7 176 29 66 174 34 125 185 113 15 30 26 98 170 95 44 89 83 79 
20
150 110 14 74 113 140 13 105 81 175 163 139 56 78 93 177 128 57 80 115 
46
94 158 173 125 145 179 119 104 187 3 27 184 177 179 27 13 150 144 107 168 83 7 66 153 50 50 198 120 154 156 5 13 92 106 72 108 172 165 58 112 179 168 94 115 137 114 
50
175 24 113 176 116 68 196 19 135 151 178 55 51 25 60 195 110 180 4 40 19 173 129 50 159 46 176 94 50 137 96 39 12 87 178 83 162 175 100 42 28 98 56 39 164 18 53 55 116 187 
6
87 52 66 10 98 159 
18
33 47 146 109 161 137 152 96 177 184 133 63 131 117 117 87 24 98 
47
162 131 184 35 53 79 58 181 166 61 7 78 49 198 53 46 98 33 160 176 76 193 11 145 24 46 109 78 10 151 92 57 29 121 128 175 118 87 21 138 149 54 68 38 112 43 164 
4
75 187 90 117 
36
142 183 83 79 113 96 26 86 119 137 69 85 188 131 84 145 198 53 62 116 112 94 60 123 180 40 67 100 100 64 190 44 68 122 158 198 
14
42 103 80 198 181 120 152 192 110 46 36 120 44 109 
22
112 33 93 158 165 189 53 129 47 96 150 184 64 183 142 75 190 6 144 124 119 196 
1
113 
26
92 169 1 162 80 36 71 49 144 155 196 66 135 74 191 9 150 105 112 140 66 88 98 200 161 72 
42
190 106 104 140 49 42 160 37 70 51 190 4 64 31 43 170 176 74 56 41 166 13 58 96 30 167 120 117 65 126 101 170 63 107 190 46 46 148 145 171 2 139 
29
167 161 83 129 124 186 10 123 115 41 50 135 30 89 162 160 18 111 130 113 131 134 36 2 73 85 141 30 97 
15
26 140 22 160 160 136 198 83 28 142 1 63 153 10 44 
25
47 30 172 155 72 9 62 24 191 161 52 143 178 117 81 39 94 1 125 56 41 198 116 41 194 
17
200 100 164 64 55 186 194 134 104 60 173 113 79 47 185 198 96 
7
166 184 56 137 177 25 110 
8
18 6 177 120 41 77 59 163 
48
134 131 65 71 115 1 4 21 77 162 145 110 13 19 51 37 188 146 113 17 200 191 29 121 75 138 138 45 105 119 105 37 190 164 64 75 161 107 120 51 169 114 57 179 91 32 20 21 
9
178 85 73 130 59 170 7 58 75 
35
67 46 134 162 121 125 77 37 184 101 82 187 139 113 4 179 26 67 19 90 15 47 157 103 28 156 111 41 138 176 31 59 45 6 150 
43
123 103 43 35 171 122 99 35 154 25 124 83 56 178 96 8 154 14 200 125 104 122 6 22 102 199 164 58 160 16 50 195 111 71 114 14 176 93 32 41 188 77 126 
30
122 35 36 91 135 94 124 138 64 78 12 92 79 188 20 13 41 30 15 20 184 91 190 178 52 161 56 52 100 192 
34
166 162 2 90 134 125 82 88 186 192 87 197 64 31 43 100 120 138 180 160 39 170 30 35 11 65 154 36 86 22 192 135 81 133 
44
159 78 133 200 143 154 43 62 134 93 37 160 160 31 9 174 17 177 130 11 28 197 124 181 106 116 199 167 190 58 80 13 85 151 78 26 92 140 127 153 105 160 123 79 
9
199 48 193 102 110 124 184 118 181 
10
133 13 89 67 178 71 61 53 175 74 
4
146 118 156 158 
11
164 141 165 21 84 131 90 37 185 139 193 
43
7 21 174 117 111 33 18 85 70 22 86 82 24 90 130 149 54 35 155 55 121 131 135 56 90 50 102 98 57 109 71 140 93 157 196 130 62 115 59 2 197 199 89 
27
68 191 117 148 151 44 71 27 87 137 67 111 167 93 190 5 69 183 156 42 63 25 3 38 30 141 167 
7
36 189 75 200 166 119 145 
1
101 
42
14 183 199 74 21 127 93 23 94 152 17 78 75 106 71 46 15 187 156 110 139 51 103 189 174 146 138 109 17 125 196 24 172 39 71 138 40 132 42 22 146 137 
24
21 97 135 90 72 20 127 163 47 19 23 41 27 72 58 69 173 169 102 176 58 46 103 115 
15
89 41 200 156 159 187 172 168 89 126 11 155 191 36 88 
22
66 150 104 194 28 110 194 116 143 35 93 150 158 147 70 120 156 147 108 182 199 161 
32
11 40 154 8 99 11 200 70 14 13 171 159 168 150 1 173 85 197 152 63 146 58 7 20 174 28 189 66 40 192 153 200 
32
10 32 52 75 115 22 26 171 96 11 57 95 51 135 91 84 168 152 186 96 69 143 98 20 78 43 118 181 173 142 18 90 
3
180 115 104 
13
17 62 113 30 98 156 156 13 155 104 134 3 168 
47
125 51 96 35 60 182 163 28 91 146 20 102 46 118 97 112 14 149 111 161 45 92 11 98 11 154 163 70 37 147 59 194 173 16 108 147 148 39 14 88 84 163 158 165 147 128 163 
24
153 5 107 84 146 62 90 184 103 116 146 4 7 44 102 31 11 177 72 175 48 118 179 142 
9
44 106 37 123 116 23 128 37 90 
16
29 29 15 28 99 14 177 36 83 128 97 156 5 149 80 120 
48
130 79 59 169 122 178 115 89 52 7 17 130 109 33 108 96 120 132 93 5 66 196 173 25 90 199 42 152 165 115 65 113 112 93 141 79 62 103 149 46 98 109 132 35 118 189 2 32 
25
40 168 179 120 49 17 162 123 113 43 77 32 181 141 71 125 149 195 186 46 185 140 47 95 90 
9
7 116 66 166 73 196 193 57 136 
37
77 148 88 14 85 100 110 58 170 105 193 69 26 153 192 78 67 156 16 81 113 71 10 66 172 180 200 27 177 166 50 73 58 106 162 112 29 
45
39 166 134 82 154 101 170 84 67 66 97 73 174 147 23 86 152 102 7 104 176 140 36 128 124 44 62 103 113 3 181 100 14 106 21 18 110 152 111 111 144 198 111 7 181 
17
119 136 141 50 200 85 62 162 55 182 146 113 100 87 67 117 155 
12
30 96 100 70 178 90 165 159 67 53 178 50 
11
24 46 142 116 83 121 193 116 1 94 129 
3
164 120 102 
36
58 112 35 187 148 94 27 49 112 105 128 96 92 196 30 50 115 168 55 131 141 112 111 129 78 125 144 25 136 118 48 198 20 155 29 24 
24
70 99 135 68 143 93 179 183 3 199 90 166 152 156 108 155 120 147 7 188 183 20 90 51 
8
73 168 129 6 32 35 66 26 
30
137 172 19 106 8 138 98 18 90 22 195 76 101 122 53 153 130 79 113 108 199 39 33 77 195 156 182 45 142 20 
31
105 163 100 96 189 18 153 109 105 14 133 5 153 120 159 107 70 150 163 134 106 180 25 173 48 101 170 199 26 78 84 
22
13 71 14 27 95 103 167 192 89 35 34 81 79 74 59 46 116 88 77 99 26 101 
50
156 103 154 109 164 51 103 86 41 6 139 184 175 22 121 89 111 182 172 62 180 147 135 149 155 168 108 200 60 169 110 166 105 12 124 91 58 11 93 152 194 158 131 37 129 30 38 19 151 133 
30
54 162 48 43 24 100 30 12 1 149 130 187 49 88 44 130 184 156 127 156 92 1 43 146 82 5 10 96 105 179 
22
100 71 198 43 42 87 119 186 127 50 57 106 176 42 61 172 61 30 175 186 72 87 
42
88 28 90 199 111 108 198 6 36 130 61 165 96 32 191 103 96 6 73 165 133 128 29 13 54 51 75 71 9 165 29 70 49 142 33 26 80 103 23 134 78 21 
10
99 106 121 44 176 37 175 33 44 134 
23
69 98 87 16 90 64 127 39 178 20 185 163 91 58 82 179 16 23 152 104 52 43 13 
44
49 199 19 142 199 195 82 46 80 170 132 199 111 53 105 57 161 64 70 144 157 149 113 173 117 155 39 175 190 154 15 163 51 78 55 197 117 54 196 146 160 64 103 132 
27
19 10 129 144 80 27 184 145 157 71 16 129 183 160 119 140 132 129 196 111 163 166 35 17 152 80 18 
38
24 86 196 61 165 135 89 49 22 196 127 94 111 83 18 98 144 53 140 187 148 185 1 134 64 114 65 87 30 3 42 178 166 115 58 69 192 60 
36
72 128 21 170 133 166 95 150 138 89 108 25 62 159 171 84 47 99 145 141 65 156 25 47 139 6 84 2 140 8 28 69 83 105 18 188 
40
159 183 127 86 54 112 82 169 185 34 50 101 135 101 123 61 53 61 195 138 77 20 89 29 80 147 168 148 141 15 74 46 94 128 123 57 67 92 195 104 
27
155 151 35 105 83 165 46 78 148 90 44 173 78 195 36 125 174 44 185 88 80 159 55 86 182 196 177 
34
46 1 168 88 25 55 182 91 104 154 169 163 82 98 146 180 8 106 85 75 9 13 11 39 9 24 115 140 140 135 152 101 129 96 
46
197 81 126 106 171 23 131 128 152 177 94 59 109 140 76 109 93 63 150 9 13 110 151 167 76 126 1 131 131 104 163 176 26 15 16 2 179 19 198 145 103 40 170 129 60 144 
37
39 72 125 173 78 181 91 83 70 193 178 68 166 112 9 62 97 152 29 121 20 129 122 159 183 143 57 17 146 62 159 80 87 112 6 181 21 
15
52 197 125 80 33 197 173 162 159 62 97 190 170 4 2 
12
6 9 47 26 8 41 144 13 29 81 9 48 
10
105 107 16 173 43 30 69 177 192 187 
6
86 174 111 150 96 31 
43
92 141 160 60 141 34 20 167 175 94 13 130 5 35 47 124 115 114 161 7 131 150 80 45 42 105 82 76 5 91 12 172 42 26 177 58 52 91 103 181 110 5 135 
15
147 22 129 147 104 104 2 140 15 83 27 159 41 22 119 
20
62 8 16 193 108 161 151 5 2 150 174 68 152 104 76 6 149 22 180 62 
1
185 
18
7 85 181 100 85 75 112 136 8 71 51 200 106 40 165 166 82 12 
33
126 1 192 42 95 50 128 124 197 143 84 122 174 198 136 120 30 114 94 43 42 6 1 135 134 140 129 180 67 148 110 3 25 
44
2 183 36 36 192 39 126 131 3 48 177 20 125 126 199 115 109 27 200 52 43 97 167 163 59 57 177 127 179 30 115 117 155 75 160 184 32 113 172 190 77 157 55 13 
21
46 113 109 99 100 174 111 135 180 31 139 194 136 93 8 152 67 26 147 37 98 
18
90 5 54 99 139 6 174 37 198 124 178 153 185 7 2 121 26 66 
10
26 39 138 125 146 73 25 103 169 95 
14
112 107 167 99 11 174 71 179 200 55 154 45 54 67 
38
106 113 125 146 47 111 155 140 71 4 109 200 153 173 28 93 193 105 162 2 85 76 123 150 38 21 199 21 17 183 84 30 121 93 188 121 67 190 
40
110 30 73 73 185 133 98 150 177 170 89 127 104 112 172 133 44 85 171 75 172 66 41 109 143 169 50 68 157 114 136 28 1 122 96 2 70 16 65 180 
25
93 172 79 155 176 7 7 29 163 188 79 17 197 119 21 107 189 44 9 89 71 30 186 73 190 
23
69 37 39 175 131 42 46 159 61 81 144 98 63 44 12 86 134 194 158 133 23 190 96 
3
70 74 95 
5
31 129 56 156 77 
21
150 47 109 47 58 60 182 109 93 25 47 151 100 99 4 107 8 176 95 110 40 
10
55 35 62 133 160 166 124 161 47 79 
11
190 79 58 131 128 69 123 114 63 36 200 
41
177 14 14 128 188 128 125 169 185 145 48 135 108 199 108 180 8 94 170 75 159 181 79 135 119 30 8 172 169 194 115 81 26 47 57 113 164 176 136 109 127 
13
165 23 9 161 38 150 5 86 14 105 55 27 129 
39
109 94 143 175 114 181 110 71 196 100 55 72 189 9 11 145 174 6 175 34 151 178 74 124 180 164 111 14 114 109 46 85 151 24 100 23 126 17 139 
2
98 152 
1
17 
14
81 42 66 155 9 113 36 115 78 90 180 33 163 194 
39
139 191 56 175 135 97 60 87 115 186 183 188 168 167 86 31 128 98 56 19 8 164 103 63 33 49 67 57 145 199 41 48 134 148 19 132 82 76 154 
44
154 4 54 107 105 94 158 160 162 97 106 64 19 84 109 130 84 143 121 151 166 37 131 116 64 58 165 126 45 5 42 25 66 75 44 85 195 88 65 109 69 82 92 101 
36
124 88 71 49 115 175 162 53 41 193 161 173 67 80 35 42 177 8 163 197 106 4 150 81 66 84 117 180 113 178 38 30 88 187 163 131 
1
139 
29
179 150 57 16 128 85 146 54 111 172 145 86 191 175 148 163 55 47 81 50 52 10 8 144 136 181 178 74 86 
43
111 104 50 184 94 128 78 130 77 107 118 104 64 22 21 44 182 126 129 187 167 56 81 161 73 77 110 135 178 55 63 34 192 19 103 35 68 99 74 111 5 198 5 
41
25 118 114 22 198 77 131 115 167 93 102 81 114 3 102 89 78 119 2 27 90 35 143 124 72 141 121 128 128 59 54 9 9 130 67 42 50 195 24 98 199 
21
71 184 23 149 123 119 82 174 106 102 152 92 68 55 157 28 182 177 128 151 111 
35
154 104 76 66 156 52 166 149 18 71 129 16 156 135 32 117 26 79 4 56 71 90 36 71 31 114 6 46 138 100 139 179 186 42 152 
13
97 133 128 191 52 68 184 191 164 45 75 152 99 
3
147 45 59 
22
73 24 26 44 76 163 106 192 93 48 61 13 43 129 77 72 194 188 129 135 183 79 
38
132 86 164 184 121 92 1 24 22 17 151 43 85 117 124 44 150 171 183 141 132 3 104 140 43 105 145 70 12 162 157 64 142 39 100 69 67 27 
4
194 36 102 175 
5
2 84 85 19 178 
6
109 64 156 145 147 33 
3
151 25 190 
36
126 173 28 1 113 172 175 127 19 13 132 63 30 156 100 95 94 33 92 73 71 92 114 137 27 112 98 126 65 73 70 50 7 51 20 56 
16
185 33 49 160 38 43 83 84 107 36 87 14 110 99 109 174 
1
45 
26
101 162 89 110 27 132 104 68 200 27 147 119 15 78 151 190 151 77 83 188 131 183 18 23 17 126 
6
4 184 92 167 64 178 
8
179 165 57 31 10 175 190 9 
20
34 76 111 37 58 59 176 144 94 65 21 105 170 51 126 34 88 177 139 163 
13
191 123 43 71 23 101 96 176 140 185 145 85 58 
47
24 65 169 41 109 54 33 136 174 30 47 186 107 15 53 44 45 10 103 28 23 73 186 138 172 74 31 142 72 37 165 39 131 70 21 117 176 38 7 109 171 45 105 126 193 20 120 
26
82 74 63 161 129 197 164 3 4 75 106 198 126 4 17 150 34 85 90 40 195 84 190 150 30 123 
45
142 193 123 54 63 37 39 66 15 62 1 178 67 43 29 178 27 129 8 58 137 98 60 133 39 83 59 76 146 11 165 74 62 126 89 123 199 122 132 157 162 81 88 25 46 
33
84 27 50 147 116 100 172 21 85 145 155 195 87 116 122 52 31 128 58 134 64 91 59 101 78 140 38 192 15 123 185 127 69 
14
96 145 172 91 172 162 133 178 83 185 45 170 109 119 
49
173 150 3 78 26 116 75 152 114 119 117 120 85 63 156 172 149 79 110 196 179 61 114 103 30 114 63 111 98 4 151 82 20 61 178 134 4 136 55 168 195 64 5 24 172 173 160 13 159 
46
80 81 96 41 59 64 70 196 82 99 88 101 40 147 26 197 135 140 5 171 109 40 156 87 68 20 18 150 88 11 18 163 193 117 182 166 72 108 153 164 45 139 80 11 79 4 
36
56 181 44 49 159 34 92 73 198 190 79 93 39 134 195 161 16 182 150 97 96 13 22 128 24 134 133 166 195 87 72 17 188 146 18 148 
3
65 17 125 
43
190 45 23 59 168 200 144 127 66 175 101 114 62 100 170 58 143 20 158 144 52 140 90 91 72 131 74 80 94 195 92 80 137 138 54 54 90 72 12 107 11 12 183 
34
184 23 49 87 93 12 92 23 194 139 2 74 164 113 199 100 93 14 147 26 27 66 140 85 70 92 57 98 195 17 9 15 6 54 
45
156 20 42 92 11 158 114 181 85 66 186 168 83 99 133 198 46 64 130 103 11 178 131 10 86 47 82 72 58 164 27 47 107 64 72 2 48 171 117 94 200 173 121 63 176 
25
69 32 30 140 132 10 125 145 47 156 149 139 4 144 166 151 138 70 17 92 28 170 187 22 127 
1
167 
8
146 73 23 153 177 102 7 42 
46
160 166 112 125 122 41 195 50 54 142 154 81 43 138 142 41 121 191 121 6 91 14 173 161 59 140 74 175 19 156 191 27 159 82 106 128 25 63 66 55 52 86 185 90 146 97 
18
147 1 105 170 139 160 88 98 187 103 5 65 32 92 83 55 183 146 
26
107 5 52 3 109 153 192 107 193 121 158 180 174 174 95 60 20 149 43 107 117 114 66 107 186 131 
6
183 54 46 133 61 103 
34
120 161 136 35 36 192 76 4 28 110 54 22 95 188 132 94 72 33 177 100 81 156 185 170 112 59 143 52 36 132 115 69 176 173 
27
2 181 73 40 108 47 42 58 168 94 6 172 43 100 16 179 60 150 99 179 2 164 149 175 102 66 46 
27
71 57 91 94 136 88 155 25 96 131 134 71 126 86 125 178 87 91 50 167 158 31 109 171 166 90 87 
40
7 109 95 184 82 102 175 72 131 127 10 145 98 126 164 73 102 181 190 50 175 160 124 25 190 174 117 197 43 185 191 52 107 80 12 25 100 172 77 66 
24
112 105 166 103 153 25 44 115 141 164 94 95 80 98 28 64 145 15 141 13 187 119 145 70 
45
120 66 95 175 8 112 188 77 52 155 91 42 18 19 33 27 3 124 154 190 48 22 177 162 24 40 183 44 60 172 108 134 32 6 151 186 38 190 148 68 119 53 169 101 129 
34
188 4 120 47 133 175 42 33 43 151 4 105 30 9 42 122 185 25 175 57 90 193 169 79 23 32 31 150 198 166 99 9 25 114 
6
148 180 134 164 154 156 
27
93 37 134 150 181 71 49 196 73 39 34 130 54 32 170 132 184 140 134 143 171 46 106 27 2 181 162 
30
178 196 15 193 154 102 155 182 129 167 129 19 115 125 75 14 185 109 146 198 125 131 4 135 199 41 93 26 31 192 
38
136 104 125 176 159 116 2 40 38 185 93 28 18 112 150 75 99 175 34 153 9 122 77 37 8 58 60 125 42 129 160 110 139 9 119 67 136 145 
8
73 33 147 167 78 13 197 127 
6
133 58 91 189 113 148 
28
100 78 136 13 30 169 141 58 107 157 74 199 45 88 68 185 60 148 10 119 35 33 69 74 106 55 142 67 
49
17 30 31 78 110 124 45 188 73 95 137 104 129 136 97 144 170 2 140 91 138 185 194 191 112 76 157 51 14 169 119 193 87 36 71 143 27 83 163 19 144 113 41 17 171 29 24 170 132 
2
193 154 
46
198 155 174 7 143 84 137 85 86 147 18 190 123 50 51 130 162 114 32 73 1 126 177 48 70 41 150 185 13 188 135 33 147 96 117 146 186 49 192 145 9 179 94 10 166 110 
49
23 35 181 181 88 67 21 141 116 47 145 72 45 34 26 84 74 165 195 103 54 23 170 54 45 69 170 51 167 2 150 26 61 107 121 56 65 2 193 73 74 36 113 164 52 49 165 197 38 
36
105 144 149 20 146 12 142 96 22 132 145 2 71 21 49 118 146 116 79 74 198 24 54 185 56 191 146 7 76 168 186 144 69 148 20 93 
47
169 143 12 97 52 172 18 124 163 158 32 140 5 152 64 1 119 142 66 113 115 75 167 192 22 41 89 165 79 40 181 64 71 37 86 168 66 68 199 97 136 153 117 26 23 191 15 
6
193 107 147 95 190 19 
10
23 110 40 7 139 133 27 176 54 59 
50
50 6 143 93 125 90 167 69 105 33 63 144 75 77 107 20 183 191 171 142 151 68 162 147 77 164 123 75 139 59 177 143 116 113 56 155 22 180 37 22 111 197 71 79 57 24 129 194 36 5 
34
192 166 123 143 53 193 180 35 170 9 28 68 18 96 123 122 178 8 178 118 58 13 58 157 176 93 143 159 108 4 116 91 157 80 
5
97 186 166 23 179 
9
103 147 169 130 90 161 55 126 31 
30
190 75 93 3 140 167 193 16 184 75 117 65 6 153 120 24 19 111 159 128 158 137 8 190 35 107 174 135 85 187 
16
2 16 53 149 62 80 168 172 190 113 150 17 65 92 169 11 
9
66 88 97 12 8 65 112 9 127 
12
96 200 15 110 113 69 160 53 15 69 165 95 
45
118 181 183 93 29 23 199 156 79 169 8 129 55 181 48 132 150 121 30 35 89 66 113 21 124 76 6 48 157 119 72 184 91 162 154 197 52 125 168 7 134 158 164 9 77 
44
172 175 131 133 40 109 150 48 73 45 148 198 93 28 113 11 135 18 105 121 180 125 177 129 176 161 135 42 127 14 194 9 31 157 155 110 107 144 99 78 10 110 103 98 
8
63 199 4 105 130 4 89 120 
13
159 7 148 149 46 20 158 116 9 88 15 187 75 
45
122 1 84 65 49 11 91 126 147 21 97 85 72 83 193 188 67 157 67 19 166 160 71 78 148 95 175 186 191 125 118 105 90 61 60 188 48 32 75 196 67 170 28 4 113 
26
59 7 145 116 129 138 75 197 103 173 62 82 104 3 195 198 64 83 142 158 137 11 196 82 4 152 
26
74 124 29 88 18 38 189 125 100 132 30 96 17 121 108 23 19 184 31 70 90 149 59 131 41 125 
26
154 164 89 136 119 112 180 10 138 191 134 123 171 71 74 45 23 166 194 193 20 141 162 19 54 197 
10
188 148 10 52 77 108 107 94 198 195 
14
90 72 65 46 24 141 33 179 5 26 86 187 76 181 
36
195 19 169 126 92 105 51 86 101 148 129 40 130 103 30 112 194 56 156 58 66 167 14 168 130 98 81 175 121 133 7 40 83 119 159 154 
15
129 28 108 29 127 160 136 21 136 21 188 14 123 41 50 
14
63 75 38 89 173 110 152 38 137 65 167 127 34 192 
32
77 51 187 19 96 146 192 82 193 150 23 152 144 38 19 19 115 157 112 7 172 121 197 123 70 138 48 66 156 72 24 86 
28
101 131 55 41 121 100 32 161 188 120 187 109 111 38 131 7 28 57 14 31 139 195 126 92 134 55 77 30 
12
123 22 42 130 192 11 59 104 168 168 98 7 
45
6 177 8 118 12 81 48 145 16 158 39 2 3 188 144 67 59 81 131 189 74 183 6 112 131 35 26 16 141 47 170 37 8 120 54 23 124 93 69 108 144 141 1 40 176 
9
172 112 33 89 25 139 14 150 149 
5
52 54 109 9 194 
34
137 18 74 38 77 94 69 53 16 104 179 56 117 176 64 140 151 73 154 18 26 63 150 85 100 187 58 158 115 13 69 174 56 37 
1
151 
28
117 181 15 20 159 45 178 94 38 151 52 60 27 138 48 1 119 38 71 22 136 128 80 144 82 145 168 131 
5
125 95 173 82 22 
3
13 165 65 
9
65 142 80 22 23 170 150 118 28 
8
90 145 136 134 99 152 122 107 
10
119 87 183 116 185 54 72 198 16 199 
40
91 159 130 133 81 158 133 193 170 50 149 200 30 38 188 25 126 58 195 84 115 70 127 118 29 147 64 12 24 70 39 25 152 34 117 165 197 57 104 117 
21
102 80 129 15 130 16 7 110 114 65 89 74 57 176 36 124 159 95 184 39 54 
28
159 11 4 126 84 200 26 62 146 88 144 3 78 135 18 80 50 158 171 157 46 162 61 172 109 84 50 102 
5
33 131 63 44 90 
24
40 197 14 21 43 139 50 2 152 17 195 49 182 190 123 67 70 184 199 141 145 116 161 177 
42
132 137 49 166 173 30 96 168 100 19 47 145 117 92 49 21 152 71 76 200 136 80 53 175 161 157 38 27 198 64 46 127 108 99 157 107 14 141 170 114 189 162 
12
134 68 26 49 148 14 184 30 97 140 74 44 
45
95 104 51 20 118 77 118 193 93 35 74 58 138 43 12 58 85 161 134 149 131 110 94 97 159 16 44 133 198 100 117 127 109 148 185 146 177 123 13 92 107 84 109 157 126 
11
34 83 78 155 140 19 175 167 100 114 175 
42
169 153 153 163 29 191 23 173 186 184 107 47 127 59 34 100 81 74 54 90 96 10 198 132 127 170 100 39 103 1 74 145 137 200 34 171 22 86 121 159 117 2 
35
12 23 35 38 174 115 12 157 179 89 11 112 192 133 152 189 18 155 43 13 97 193 86 141 103 165 106 104 134 147 37 195 199 35 120 
4
158 110 103 184 
39
123 114 24 12 130 105 143 141 59 4 82 186 4 72 173 163 166 181 30 62 75 52 24 19 166 182 135 16 190 72 18 197 88 3 18 90 200 79 149 
16
141 56 39 94 126 104 111 156 29 60 89 11 158 91 21 149 
31
9 115 176 192 66 40 150 142 121 2 55 62 176 45 18 67 194 103 187 84 164 110 198 85 179 148 1 138 79 4 8 
31
44 44 10 7 169 166 49 63 81 149 159 157 167 200 59 170 119 30 131 82 32 31 12 12 125 107 93 162 51 9 161 
19
180 134 66 191 169 168 83 120 167 125 118 59 89 117 37 183 131 33 196 
12
86 174 186 125 23 2 49 99 187 146 75 53 
39
117 20 165 119 73 63 117 87 176 153 20 72 78 145 100 162 42 81 155 108 135 190 163 134 181 98 72 171 105 99 94 139 118 197 173 6 102 178 2 
34
1 18 51 186 120 21 166 32 95 5 110 93 133 137 4 99 33 148 54 64 98 125 126 25 147 143 98 139 66 160 59 188 172 78 
48
91 15 61 49 8 146 102 185 110 149 154 98 133 113 124 48 180 123 108 137 172 162 23 176 128 34 188 91 65 61 193 188 117 54 156 177 159 161 55 16 58 194 170 10 86 152 196 42 
6
158 92 171 144 126 137 
23
11 74 82 112 39 105 168 22 190 162 55 50 81 183 91 77 173 129 184 168 156 60 185 
19
103 159 2 120 145 59 177 152 127 189 191 173 84 10 37 46 65 102 153 
49
169 177 192 47 163 78 157 56 41 128 8 64 5 68 146 19 19 70 180 163 137 81 71 181 82 118 62 113 51 15 199 38 5 113 65 39 137 20 8 94 113 161 35 76 59 55 119 10 25 
37
164 14 83 23 53 126 87 8 141 74 6 97 133 121 183 52 18 59 97 48 155 86 98 153 128 160 93 68 141 63 184 186 62 176 171 158 70 
32
172 196 160 70 120 111 134 62 76 95 87 175 50 6 10 164 134 134 137 184 160 185 26 63 196 179 31 154 13 24 197 174 
44
134 137 176 60 94 62 31 16 117 12 85 157 161 58 155 114 11 20 33 63 56 39 63 161 82 65 106 147 49 118 78 46 2 70 29 167 138 154 121 159 170 21 196 128 
46
39 185 82 75 51 94 38 101 99 1 146 42 42 68 91 71 55 14 65 5 169 135 108 15 158 64 4 130 150 165 30 65 84 16 194 76 156 12 25 117 95 122 196 120 196 131 
44
164 2 42 142 193 144 21 71 40 29 40 12 1 91 150 195 14 77 110 181 186 138 174 117 52 66 22 27 102 13 35 39 77 59 198 73 12 78 16 132 177 107 85 179 
16
112 155 67 176 135 125 105 191 120 56 13 70 93 161 27 74 
23
40 186 85 199 70 126 169 54 159 152 112 69 123 69 45 57 47 115 187 86 10 88 33 
12
55 109 134 47 15 152 46 72 184 63 121 17 
33
88 164 78 67 6 183 47 110 109 106 170 94 46 61 53 153 39 154 89 30 74 9 58 75 45 72 195 108 73 149 158 113 140 
7
41 162 130 187 172 169 40 
18
199 61 97 128 97 86 9 16 82 82 71 194 178 35 31 43 67 138 
13
156 81 148 94 141 27 151 8 175 49 50 50 181 
22
31 14 72 117 61 99 14 93 190 24 79 28 193 26 139 6 149 118 131 31 12 66 
50
23 175 133 88 49 195 111 28 13 40 11 194 133 162 42 152 77 134 65 169 132 195 106 165 95 10 96 173 92 155 131 174 123 69 140 26 129 170 171 149 6 69 172 74 15 41 128 187 78 183 
33
95 133 43 74 155 177 164 151 136 27 110 135 108 18 70 177 152 12 121 137 21 28 177 123 84 173 5 113 161 44 108 101 139 
5
118 48 19 90 23 
16
86 80 41 192 168 200 109 57 95 63 157 54 169 9 17 6 
39
131 164 131 24 107 162 7 186 139 184 78 63 53 64 70 163 152 72 163 126 33 30 111 114 69 18 190 52 122 200 24 140 142 72 8 122 23 52 65 
7
73 62 121 61 126 123 165 
10
31 175 147 11 105 6 167 135 11 52 
25
90 100 3 181 3 121 151 117 149 172 55 80 199 56 17 132 17 65 154 138 133 48 50 54 1 
48
136 158 88 84 183 151 95 65 108 146 3 113 91 118 196 110 181 135 30 149 176 101 101 25 35 79 138 112 101 102 62 14 17 190 65 69 191 71 56 118 106 10 89 89 89 15 164 185 
1
91 
16
59 78 14 6 188 26 194 14 74 43 192 181 43 172 181 184 
8
144 170 79 64 151 121 152 118 
21
99 47 1 40 46 16 63 167 76 169 45 42 159 182 11 26 8 146 135 141 127 
12
14 13 76 74 193 151 12 134 188 83 119 99 
12
5 86 18 20 22 27 136 144 15 80 30 38 
36
129 17 54 33 78 18 45 164 184 196 175 126 157 180 22 183 151 90 192 133 166 28 103 33 134 73 161 22 195 73 48 198 41 62 44 131 
38
110 68 127 36 88 188 57 10 89 161 197 143 194 143 46 179 96 195 98 58 23 124 66 179 108 124 77 50 118 117 16 192 103 127 36 162 141 22 
35
87 151 104 24 2 102 187 115 192 11 53 134 131 135 166 200 29 186 71 59 89 51 22 43 51 153 41 197 167 76 152 1 174 123 79 
16
38 83 193 49 81 184 48 2 149 195 17 123 68 16 53 53 
31
83 65 192 91 183 191 191 135 106 93 22 69 64 163 82 53 123 179 155 106 124 121 80 60 200 90 159 84 10 57 103 
4
89 115 108 6 
34
156 182 181 44 43 159 175 148 200 87 116 91 150 78 72 187 52 133 123 19 61 65 73 92 119 181 144 49 129 170 159 137 189 126 
21
101 29 135 1 176 81 178 86 104 31 197 190 40 12 5 144 31 22 116 160 1 
28
98 14 111 189 15 35 21 13 139 31 1 150 82 118 35 83 191 105 101 8 124 120 56 181 67 77 24 145 
19
4 181 83 68 118 128 68 62 45 110 137 145 34 100 36 45 146 143 145 
45
47 134 30 40 58 143 108 133 134 122 155 63 1 22 74 126 52 150 163 164 41 112 52 51 115 186 146 11 169 89 72 56 37 15 126 180 121 24 53 38 41 57 38 30 35 
16
186 171 131 127 52 4 131 182 195 151 80 111 68 41 136 172 
26
107 175 156 154 181 152 64 75 33 72 170 31 15 87 74 105 129 40 78 157 114 96 141 185 199 131 
2
78 138 
3
21 136 15 
30
154 200 6 195 10 187 188 48 119 59 37 112 77 115 130 55 31 56 194 155 160 195 65 137 39 147 162 107 128 192 
24
45 83 138 179 87 108 176 9 61 118 108 21 2 60 35 115 148 6 83 58 96 108 85 111 
20
26 153 182 167 48 177 135 99 101 190 17 199 88 174 173 59 162 88 170 10 
29
94 8 58 183 24 59 4 149 2 198 37 124 131 121 131 170 110 105 91 19 14 107 127 194 99 29 110 199 185 
46
99 197 15 45 199 23 117 163 137 118 134 18 92 73 197 144 2 2 196 54 76 9 168 134 51 159 104 43 113 41 4 60 161 71 19 150 77 192 84 149 13 52 54 191 13 38 
3
126 40 131 
25
120 121 59 119 101 64 179 140 36 121 13 198 153 120 93 45 151 1 64 27 54 44 123 6 65 
37
77 65 40 121 194 178 85 77 134 70 196 65 98 169 11 178 37 34 52 189 194 130 196 150 194 93 33 184 158 105 60 104 196 163 200 10 123 
44
191 53 148 43 32 10 119 107 110 119 175 11 56 11 43 77 200 34 162 13 83 167 138 75 156 41 173 181 133 22 153 130 179 157 59 17 84 200 95 159 16 70 134 199 
47
166 60 19 9 111 132 169 127 157 91 146 109 29 22 108 200 74 49 86 77 112 190 19 181 150 197 32 45 65 86 88 36 11 32 8 41 50 101 60 193 92 68 127 34 56 114 74 
7
24 15 36 97 108 1 95 
50
72 87 91 120 37 115 148 84 172 132 175 126 46 191 66 94 154 58 160 113 78 46 20 14 182 86 45 90 147 128 104 43 114 38 100 190 37 153 166 110 31 100 52 194 89 192 7 57 58 89 
45
44 51 124 30 112 16 83 128 158 178 119 154 129 129 17 190 36 199 69 82 109 16 171 20 2 69 3 38 126 176 68 182 144 98 186 148 185 184 106 14 16 100 195 73 67 
2
50 133 
8
197 129 195 174 129 22 59 18 
3
108 13 18 
43
152 41 49 152 34 171 158 68 150 118 131 143 142 105 142 187 190 78 163 156 163 47 180 80 153 28 30 147 111 119 49 80 65 65 28 153 66 165 146 167 148 170 141 
37
6 94 189 79 152 45 181 40 110 193 155 113 199 115 74 101 17 120 54 161 194 128 171 25 69 15 137 197 176 38 56 163 198 148 173 127 165 
35
126 5 166 157 168 22 181 38 26 144 196 84 29 136 72 26 106 4 143 54 120 11 69 175 1 157 194 143 96 183 161 51 194 174 103 
1
118 
37
166 30 177 186 158 79 138 114 159 4 111 133 157 92 107 116 80 144 69 175 118 147 149 155 128 170 45 24 102 147 81 129 184 137 13 141 162 
41
66 90 194 81 109 137 177 167 84 156 172 134 86 188 167 44 141 88 85 95 178 55 197 21 198 30 4 27 25 85 92 42 89 172 94 22 184 92 185 129 25 
6
158 189 81 113 47 126 
5
185 156 149 47 111 
44
113 185 49 105 119 184 40 48 67 162 37 39 119 43 9 96 32 78 74 146 80 113 26 20 125 172 34 179 41 6 187 200 195 84 173 17 138 183 16 106 170 1 48 88 
49
67 166 138 78 54 9 148 99 100 35 65 77 74 159 28 142 157 41 51 159 21 30 161 176 59 106 127 84 194 121 94 163 189 157 35 17 53 22 167 195 61 159 130 122 20 125 124 17 166 
35
191 65 72 88 84 75 126 178 41 133 58 148 140 38 139 187 183 139 32 166 152 20 71 124 123 177 31 167 110 29 142 38 81 5 32 
16
24 178 125 12 198 113 13 174 23 60 170 76 83 130 114 182 
8
73 160 20 24 108 70 129 103 
37
81 149 139 31 129 9 54 103 156 4 57 61 62 178 179 179 70 27 25 65 144 138 146 167 26 28 46 168 70 88 75 75 171 150 147 51 160 
12
101 62 119 141 118 75 185 44 76 180 123 142 
41
11 77 140 76 25 155 47 63 82 162 151 53 172 160 155 116 29 112 87 63 132 177 20 105 64 51 113 61 150 133 95 24 94 69 10 36 52 101 91 89 4 
48
26 138 102 36 49 170 18 54 164 81 165 40 13 151 169 15 108 43 178 184 19 192 141 197 103 133 3 117 154 31 115 127 54 118 182 187 44 193 28 165 26 166 124 23 83 10 152 57 
37
153 31 168 85 171 44 184 199 12 155 151 121 117 52 8 45 132 40 88 183 93 40 137 38 43 93 113 60 40 107 14 76 100 6 192 59 197 
16
51 199 164 39 39 68 40 17 86 109 177 183 49 48 34 115 
15
130 132 198 163 154 164 84 65 82 160 190 62 191 75 65 
25
81 146 172 65 190 186 120 196 66 25 88 80 145 125 119 194 76 44 192 162 26 130 153 151 78 
49
113 196 182 72 40 30 124 178 46 121 181 49 59 94 150 175 142 107 151 25 121 183 160 88 65 8 7 182 12 27 84 90 11 47 140 79 159 23 17 135 168 130 187 135 128 1 23 24 69 
28
149 122 150 57 160 180 173 66 23 52 43 146 192 111 129 36 156 70 114 111 62 142 70 26 5 42 161 72 
40
15 171 192 41 172 152 68 50 100 167 36 100 177 8 95 63 190 167 157 28 161 109 35 158 99 149 35 174 69 108 200 150 10 81 187 85 99 149 69 33 
7
116 2 3 135 1 86 12 
15
88 175 142 130 4 166 13 65 185 163 44 125 196 124 147 
28
46 1 46 163 15 175 138 181 175 32 88 196 184 124 52 157 16 38 119 174 11 12 200 13 141 60 185 60 
10
72 53 174 132 30 16 49 156 199 191 
36
29 18 87 11 123 108 193 61 188 5 154 138 6 58 185 155 149 155 138 24 90 81 48 80 127 118 55 160 78 120 62 62 58 171 115 56 
31
26 137 86 96 186 173 129 57 3 62 30 175 196 51 139 169 74 174 21 188 45 198 180 35 127 130 163 113 105 9 151 
30
179 95 172 39 56 34 47 96 132 43 19 188 195 151 59 68 72 117 17 54 38 186 105 182 46 72 165 110 102 125 
9
181 42 176 154 110 194 6 152 159 
38
11 126 106 124 12 59 33 174 184 135 114 95 111 91 146 140 67 102 150 200 131 44 12 12 111 149 48 14 181 160 163 76 81 10 77 195 92 119 
23
168 12 4 140 114 81 54 117 194 87 42 140 1 63 162 18 180 160 153 26 198 51 3 
28
19 124 116 24 148 132 36 166 51 75 107 135 44 155 102 186 183 48 86 197 134 4 58 75 63 31 89 191 
23
99 182 29 145 45 96 136 10 176 108 174 82 187 193 39 50 99 64 164 196 187 198 21 
17
7 56 51 96 1 186 52 102 138 44 20 27 178 65 81 99 131 
31
199 58 135 74 193 182 51 7 17 79 107 174 103 148 108 48 198 123 136 160 124 21 108 176 24 148 30 20 5 177 18 
45
77 54 4 33 169 125 127 39 44 19 4 177 8 117 159 71 112 69 27 142 108 113 29 193 27 80 45 124 43 146 169 142 44 147 101 124 154 83 165 108 193 21 3 124 115 
28
91 87 53 1 155 1 32 110 16 136 114 188 76 15 45 200 84 39 48 4 14 164 9 68 167 194 180 32 
28
123 117 150 141 166 57 68 142 100 74 71 187 66 170 75 158 23 87 32 63 97 133 101 115 152 121 155 187 
18
121 105 135 129 121 39 129 103 48 129 71 181 161 178 48 172 109 82 
45
72 6 62 141 62 159 155 49 2 31 46 107 82 180 34 126 91 12 15 67 174 182 76 42 190 135 122 164 104 193 116 20 79 174 150 91 60 58 137 11 55 166 64 67 4 
39
138 73 116 97 36 47 127 159 74 4 51 192 42 98 52 112 126 87 40 194 44 37 45 26 107 133 114 35 76 177 183 68 139 126 81 157 104 104 14 
1
198 
5
17 106 24 8 35 
46
123 103 71 78 4 79 15 131 166 188 56 33 23 135 167 25 113 89 6 115 80 147 120 58 13 98 148 6 38 88 73 155 183 141 119 159 161 37 133 81 37 90 21 109 126 170 
48
196 24 60 31 32 193 28 47 133 114 182 48 106 185 79 138 151 151 86 109 177 65 42 99 97 69 109 164 90 131 110 14 89 37 109 39 159 21 63 185 66 33 73 168 122 141 81 75 
31
78 31 124 199 54 67 150 93 105 89 194 181 3 103 70 148 4 15 11 61 105 63 81 110 199 102 65 1 102 121 22 
2
113 172 
43
166 110 36 144 18 182 128 35 98 42 128 115 161 31 30 102 14 72 105 163 157 120 41 78 92 184 28 73 82 115 39 112 169 99 80 79 4 7 8 2 100 196 110 
2
21 37 
15
53 5 184 153 43 44 110 54 165 110 119 111 159 166 128 
4
13 13 194 77 
46
120 144 44 108 191 125 149 43 154 23 93 84 62 196 91 38 133 183 82 143 164 55 155 164 29 189 28 75 149 175 77 161 184 78 81 157 24 120 41 47 61 83 188 71 102 87 
35
62 198 175 56 107 17 52 55 156 53 21 149 70 150 166 69 36 42 108 98 136 27 155 46 9 74 37 168 137 185 87 20 193 105 81 
35
195 106 185 126 76 33 29 38 180 195 51 137 139 88 63 75 2 123 137 31 67 174 95 174 102 98 22 19 114 83 161 67 172 2 52 
3
198 197 136 
5
111 113 74 196 19 
12
122 24 39 189 165 185 131 27 56 161 92 46 
28
172 149 145 52 144 129 134 119 11 144 77 194 85 148 124 175 172 134 36 137 149 82 188 180 8 76 30 177 
19
173 16 109 107 126 157 37 176 135 186 23 130 197 37 120 3 118 143 198 
25
162 26 57 151 24 157 43 152 185 180 128 167 150 60 68 20 89 93 80 133 114 121 185 75 153 
31
181 129 66 182 138 190 74 196 21 25 196 59 4 100 185 143 73 58 50 144 115 42 155 148 114 141 61 127 7 28 160 
41
62 74 116 110 129 128 170 88 58 40 164 91 12 50 13 53 174 10 78 53 182 34 174 29 102 75 5 193 38 175 70 45 46 2 31 171 93 7 182 40 155 
17
10 64 71 172 130 8 142 27 126 42 177 192 168 70 185 59 46 
47
18 105 24 53 1 150 104 144 35 109 154 26 108 2 82 127 65 94 181 158 146 114 173 65 183 87 196 106 30 130 180 120 103 61 64 81 148 152 155 129 80 143 131 49 146 69 169 
19
134 38 24 162 168 82 16 6 6 133 78 124 138 123 178 149 160 49 132 
39
34 94 19 67 62 137 108 97 56 68 3 25 1 94 25 63 172 167 131 62 161 76 10 146 56 106 124 29 91 55 127 5 184 44 21 34 82 15 73 
43
123 68 36 92 104 195 171 83 169 134 105 92 51 57 21 151 20 20 168 116 131 60 5 173 1 173 197 17 16 164 174 27 94 136 79 153 101 177 186 8 91 177 127 
39
113 48 81 7 187 163 144 24 75 132 154 73 105 172 14 69 27 197 47 70 157 5 89 76 142 100 187 28 119 78 17 13 16 76 108 38 184 53 136 
20
24 91 91 134 173 24 21 49 49 38 40 10 109 197 53 56 37 184 168 90 
14
49 26 151 106 59 17 143 72 102 182 129 23 116 194 
50
97 146 158 34 109 51 45 99 33 110 176 81 111 24 191 70 98 28 191 183 44 63 68 56 165 136 108 174 98 140 5 38 111 136 44 123 18 23 67 149 150 76 62 108 8 169 155 155 194 125 
35
74 42 109 153 52 70 89 198 72 150 47 63 178 45 77 68 97 70 151 5 140 103 137 195 37 52 119 160 95 75 56 132 84 80 72 
43
199 13 172 74 73 55 185 164 159 175 5 169 48 139 103 183 140 1 27 130 167 143 181 2 61 106 31 75 184 138 190 114 109 102 22 113 109 137 37 104 71 56 85 
11
186 94 139 21 169 39 181 15 47 197 129 
29
73 42 144 103 3 59 9 190 82 189 130 170 129 88 41 39 168 108 40 197 86 19 183 19 143 5 147 136 144 
6
29 165 95 192 142 122 
30
113 142 12 138 39 188 63 137 39 119 134 4 144 58 36 150 22 30 94 106 40 34 183 23 18 142 183 179 119 13 
1
4 
2
129 112 
11
16 144 13 80 84 163 79 96 175 184 136 
16
43 197 80 30 83 197 145 135 64 40 70 153 115 106 152 138 
6
173 142 123 27 90 168 
36
145 83 88 129 22 140 110 35 14 144 199 175 130 72 177 173 74 134 30 85 9 152 82 47 137 120 130 13 20 119 99 100 100 98 132 50 
16
149 10 177 27 155 166 145 82 192 44 20 26 150 123 195 188 
35
44 166 22 188 152 153 7 186 163 162 7 195 127 94 129 164 15 75 30 34 17 64 38 96 182 145 37 178 105 159 185 7 49 196 100 
42
37 20 34 112 163 39 79 91 86 35 166 14 154 142 34 64 52 113 51 92 194 63 192 87 196 93 195 153 118 125 85 137 20 106 14 147 41 64 65 5 155 139 
28
8 22 29 85 130 75 150 60 136 117 99 61 120 193 33 14 44 15 195 102 179 1 80 25 41 158 200 111 
27
124 52 81 190 152 189 41 100 99 28 134 25 3 33 57 195 122 104 135 157 160 165 106 174 136 176 166 
