1000
82 5 7
89 6 9
84 4 5
53 8 10
72 8 11
99 5 6
54 3 6
87 3 4
78 8 12
92 4 9
61 5 6
83 3 4
53 3 4
86 7 10
93 7 12
86 4 5
68 7 9
64 7 12
83 6 9
98 6 9
89 6 11
50 8 12
68 4 5
90 7 12
64 4 6
93 4 6
87 5 6
55 4 9
89 4 7
76 6 11
55 7 9
56 6 7
87 8 10
89 5 6
58 5 8
77 5 7
82 3 4
50 5 10
76 5 6
93 5 8
69 4 7
97 8 10
77 7 8
58 7 9
86 6 8
71 6 8
99 3 7
89 5 7
79 4 6
82 8 12
57 3 6
99 6 9
80 6 11
59 3 7
51 8 10
61 3 6
52 8 13
61 6 8
91 4 9
57 5 7
64 3 8
53 4 9
67 4 9
69 8 13
79 4 9
97 8 13
64 7 12
91 6 8
57 4 9
76 3 6
80 4 7
57 5 8
84 5 10
85 6 9
83 6 7
81 6 9
95 6 8
58 5 7
81 7 10
72 4 6
65 6 10
64 3 5
58 4 8
57 5 6
87 8 12
73 8 10
87 5 7
55 4 6
65 4 9
55 5 10
67 7 8
68 3 4
85 5 8
61 6 10
60 3 5
52 3 4
64 5 7
62 3 6
51 5 7
50 8 12
93 8 11
81 8 11
50 8 11
72 5 6
60 5 9
73 3 6
86 5 8
71 5 7
81 8 12
54 7 8
87 6 8
91 3 8
95 5 8
92 5 10
87 5 7
71 4 8
59 4 9
73 6 11
95 8 12
53 8 10
94 3 6
70 3 4
67 8 10
78 3 4
79 7 9
85 4 7
78 5 8
80 3 7
65 3 7
97 6 8
51 7 12
95 4 8
86 8 11
53 4 7
87 6 10
97 3 5
76 5 9
84 4 6
69 7 11
93 5 6
50 5 10
67 3 6
77 3 6
92 8 9
84 4 9
61 6 8
88 8 13
73 7 9
77 7 10
93 4 6
77 6 7
53 7 10
72 7 12
66 4 6
91 3 8
86 5 8
85 4 8
69 7 12
51 5 8
70 8 12
81 5 10
97 3 8
80 3 4
91 5 6
90 7 10
85 6 9
76 3 4
71 6 8
82 4 7
90 3 4
72 8 10
80 7 10
64 8 11
87 4 8
83 7 10
65 5 9
64 6 8
57 4 9
79 7 10
82 6 10
67 5 7
57 7 11
60 7 12
52 7 12
84 3 6
59 6 10
62 8 10
61 7 9
56 8 13
58 6 11
74 5 10
64 3 8
99 4 5
67 8 12
78 7 12
61 5 6
51 8 13
84 3 4
65 6 8
83 4 6
77 4 7
73 3 7
74 6 9
76 5 10
85 5 9
53 3 5
67 7 11
86 5 7
86 5 8
93 6 10
50 6 9
88 5 9
94 8 9
83 7 9
59 4 7
64 6 10
58 7 9
68 4 5
92 4 8
79 8 9
74 7 10
94 8 10
61 6 11
76 6 10
85 8 10
81 7 10
91 7 9
88 7 8
66 5 6
84 4 8
51 6 8
63 3 7
68 3 4
52 7 11
90 7 9
61 4 7
82 7 9
79 6 7
95 8 12
85 3 6
99 5 7
73 5 8
57 5 6
95 7 11
69 7 10
87 5 9
72 6 9
99 4 9
75 4 7
71 8 9
66 3 6
60 5 8
72 6 8
67 8 12
64 8 12
77 7 8
50 8 13
97 5 10
80 4 6
65 6 11
53 8 9
85 4 9
65 6 10
74 6 10
72 5 8
62 7 9
62 8 11
88 8 13
60 8 11
76 4 5
65 5 7
69 4 5
68 7 12
83 7 9
65 4 9
93 8 12
70 7 8
83 3 8
72 6 8
54 8 11
67 3 5
70 8 13
88 4 9
69 5 8
92 7 8
87 3 6
97 6 9
89 7 8
60 6 10
62 4 8
75 5 8
56 8 12
70 6 11
70 6 11
89 7 10
94 5 7
98 6 11
66 7 10
80 3 7
54 6 10
93 8 9
70 4 9
61 3 6
53 4 6
66 6 10
60 7 10
87 3 8
74 4 9
87 6 9
85 3 4
60 8 12
89 5 6
76 8 10
72 6 10
94 7 11
93 5 10
86 5 7
64 8 10
95 6 11
57 4 8
51 7 12
67 8 10
69 4 8
61 7 11
84 7 9
88 5 8
58 6 7
91 8 11
82 4 7
62 5 8
68 7 11
99 7 9
59 8 10
77 7 11
51 7 9
96 5 6
65 4 6
69 6 7
79 3 4
66 8 12
65 8 12
70 5 6
88 5 10
77 8 12
60 3 7
78 4 7
89 7 12
55 3 4
90 5 7
92 3 5
59 3 6
95 8 10
89 6 7
95 3 8
80 8 12
94 6 8
84 3 5
57 5 8
83 6 7
82 3 5
99 6 9
75 7 12
68 8 11
80 7 12
52 4 9
55 6 7
96 4 7
55 5 8
82 6 11
71 8 11
77 3 6
80 3 4
63 7 12
68 3 5
57 3 8
88 3 4
95 5 6
61 5 7
51 8 9
75 8 11
56 4 7
55 5 9
98 6 8
89 7 9
57 7 10
60 7 12
84 4 9
56 5 8
54 3 4
88 3 5
80 7 12
86 7 11
64 6 8
83 4 5
55 3 4
99 6 10
80 7 9
92 7 10
96 5 9
51 6 7
88 7 12
79 6 10
93 3 4
63 4 5
75 6 11
78 6 7
88 5 8
90 6 9
82 5 10
60 7 11
96 5 10
59 5 7
80 3 6
89 7 12
58 6 9
50 6 10
59 7 12
55 5 8
93 8 12
68 4 5
97 7 10
52 6 8
62 8 12
73 6 10
76 3 7
53 8 10
59 8 12
98 6 11
56 6 10
52 5 9
63 6 11
76 5 9
67 7 12
86 8 10
97 6 7
54 8 13
84 4 9
74 6 9
53 6 11
94 7 9
57 8 10
60 8 9
74 5 10
76 8 11
75 3 5
54 7 9
88 4 9
64 3 4
56 8 11
78 7 10
55 3 8
73 3 8
77 5 10
67 6 11
80 5 6
51 4 8
52 4 7
85 7 12
55 3 4
83 5 7
72 3 8
98 7 8
60 6 11
85 7 11
92 4 9
85 7 10
64 6 11
69 5 9
71 3 4
62 8 12
51 5 8
65 8 13
59 6 11
82 4 5
75 8 13
81 4 9
99 5 6
66 6 11
55 5 8
66 8 13
98 4 8
65 7 10
69 7 12
75 6 9
78 5 7
74 6 9
82 3 5
83 8 9
90 5 6
78 7 12
91 4 5
62 8 9
94 4 8
94 8 12
92 3 6
76 6 10
57 5 7
72 5 6
58 5 9
94 7 12
80 7 10
77 7 9
71 3 5
71 6 7
73 7 9
90 3 6
92 4 7
69 4 9
70 6 10
97 4 5
83 6 8
63 8 9
57 6 9
67 5 6
60 3 6
98 3 6
83 7 8
77 6 11
79 6 8
65 6 11
83 5 7
53 5 10
93 7 9
79 6 8
66 7 9
85 7 11
92 5 7
93 6 8
97 5 9
61 6 9
69 4 9
58 3 8
90 5 7
55 6 8
63 3 5
90 5 7
51 8 12
58 8 9
84 3 6
68 4 7
91 7 8
80 6 9
53 4 6
87 7 11
50 7 11
74 7 8
50 3 8
98 5 10
60 7 9
85 6 9
66 3 5
73 3 5
58 7 12
51 3 8
58 4 6
93 6 9
80 3 7
83 5 7
72 5 6
81 5 7
94 8 12
83 7 9
54 3 8
64 4 7
75 4 8
87 5 10
98 6 7
85 3 7
82 4 5
91 7 9
69 7 12
68 3 5
63 4 7
77 6 7
78 8 9
60 8 13
95 8 12
74 8 11
69 6 7
75 5 10
83 8 10
72 6 10
52 3 7
76 3 7
70 3 4
78 8 13
58 5 8
69 6 10
91 6 10
90 7 8
59 7 8
61 7 11
73 6 9
95 6 7
73 5 9
96 5 8
50 6 10
74 7 12
77 4 7
54 7 12
88 3 7
53 8 9
71 8 11
94 6 8
98 8 9
51 8 13
70 8 13
98 3 8
93 3 6
68 8 9
57 6 7
59 3 4
94 6 11
57 8 11
56 5 10
59 4 8
62 3 4
86 3 4
53 4 7
56 7 8
65 7 8
99 5 8
52 3 4
93 3 4
57 6 9
52 3 6
71 4 6
92 5 6
89 3 5
94 4 6
85 4 8
66 5 6
98 5 10
78 3 7
98 6 7
56 3 8
91 5 10
74 5 8
98 5 6
66 8 10
68 6 10
85 4 9
86 3 4
75 8 12
57 3 4
82 5 10
56 4 5
66 8 12
92 4 5
98 3 7
55 3 4
80 6 8
64 3 4
50 5 10
71 6 9
79 3 5
82 7 8
84 6 10
68 4 9
95 4 8
64 5 6
69 4 9
93 8 9
71 4 9
66 3 7
63 8 13
78 5 10
53 5 9
66 7 10
57 7 12
93 3 6
81 5 8
84 6 10
70 3 7
91 3 5
95 4 6
54 4 8
63 5 6
94 5 7
71 7 12
69 8 10
61 7 11
57 4 7
65 7 10
60 3 8
80 7 12
57 5 9
96 7 12
73 6 10
72 3 4
98 5 8
54 3 5
82 5 10
51 5 9
55 7 8
77 8 10
80 4 7
74 4 9
76 5 7
88 7 10
94 3 5
78 7 9
87 5 10
53 6 11
77 4 8
50 4 8
60 8 10
68 6 8
81 7 10
64 3 4
89 3 8
77 6 9
50 6 9
59 7 10
95 7 11
88 3 6
91 4 9
86 8 10
81 5 6
60 8 13
61 7 12
67 6 11
77 3 7
61 6 10
85 6 11
72 4 9
99 3 7
89 5 6
81 7 12
94 4 8
62 7 8
61 3 6
99 4 6
95 5 7
85 3 5
94 8 12
60 5 6
69 6 11
52 8 11
83 7 11
67 6 7
65 6 8
80 3 8
84 5 8
64 3 8
82 8 10
53 5 8
89 5 7
54 3 6
60 4 5
57 3 6
91 6 8
83 6 8
52 7 9
61 6 11
51 6 8
85 6 11
72 7 10
68 5 7
80 4 7
89 8 10
92 4 6
64 4 6
53 8 9
60 6 9
86 5 6
90 8 13
90 3 4
95 7 12
72 5 9
99 5 7
62 7 12
50 5 7
94 3 5
92 8 13
78 7 12
82 7 10
79 8 13
76 8 12
81 8 10
77 6 8
54 8 12
92 6 9
78 3 4
62 6 10
93 5 7
57 7 8
69 6 9
84 7 11
89 8 13
63 3 6
88 7 9
56 5 6
63 5 8
75 4 7
86 7 10
60 3 4
50 8 10
62 8 11
60 4 9
95 6 9
53 6 7
53 7 11
88 3 5
92 4 5
51 5 8
92 5 7
58 4 8
57 5 6
53 3 6
94 7 12
67 4 6
78 3 6
68 3 7
61 5 8
82 4 5
68 6 11
76 8 13
70 4 9
57 8 10
56 8 10
57 4 6
65 8 13
95 8 11
53 5 10
56 8 12
93 6 11
97 8 13
89 6 8
50 8 11
70 6 10
77 3 6
75 7 12
83 7 11
61 7 8
55 8 11
85 3 8
56 8 12
82 5 7
75 4 7
86 5 9
87 7 10
93 8 12
91 3 6
61 7 10
50 4 7
70 8 10
59 7 8
70 3 4
96 4 7
76 6 7
71 6 7
79 7 8
90 8 10
69 6 10
76 7 10
75 7 11
62 7 12
59 6 10
63 4 7
89 5 9
90 6 9
73 4 7
63 4 5
90 5 8
71 6 7
81 3 7
69 5 9
82 4 8
78 3 4
70 7 9
85 4 8
75 6 9
73 3 5
94 6 8
56 3 6
98 3 6
94 4 6
72 7 9
85 6 10
51 3 5
86 8 13
61 5 8
88 8 9
85 4 7
65 8 13
57 6 11
93 6 11
82 3 7
50 7 9
91 4 6
58 4 9
58 8 13
50 6 8
57 7 9
59 4 9
92 6 8
60 4 6
93 4 8
52 3 4
63 3 4
99 5 7
83 8 10
64 4 9
71 5 7
62 5 9
99 5 6
76 3 4
95 7 12
80 4 6
88 5 6
98 4 9
80 4 5
61 3 8
99 5 8
69 6 8
85 6 9
81 4 6
75 7 8
93 8 11
54 8 9
65 5 9
53 7 10
98 3 8
74 6 11
59 7 11
55 4 7
63 3 6
98 6 7
74 3 6
73 4 5
52 6 7
85 8 9
94 3 4
98 6 7
53 6 11
53 6 7
76 3 7
68 4 5
56 5 7
88 5 10
66 4 9
87 8 11
87 7 12
90 7 8
68 7 12
80 3 8
64 4 9
87 8 11
50 5 10
90 4 8
70 8 10
71 5 9
58 7 10
74 3 5
72 8 12
62 6 8
66 4 8
50 4 7
95 3 6
79 8 12
94 8 13
92 6 9
79 6 7
69 7 11
57 4 6
78 8 12
98 6 7
97 3 4
89 7 8
88 6 9
80 5 8
92 7 9
88 7 8
59 8 12
71 7 10
70 4 6
91 3 7
91 3 7
92 4 7
75 4 6
63 3 7
64 4 5
50 7 8
96 8 13
84 5 10
60 3 5
69 3 8
60 8 10
87 3 4
83 4 9
74 8 9
82 7 8
55 6 10
58 6 8
58 6 8
64 4 7
51 6 7
76 8 13
78 3 4
